0.026024 110
5.912280 1
0.579989 1
0.224534 1
0.271509 1
0.101385 1
0.206933 1
0.960193 1
0.472255 1
0.131936 1
0.241466 1
0.307196 1
0.243653 1
0.068171 1
0.238226 1
0.660322 1
0.284549 1
0.191137 1
0.483122 1
0.130685 1
0.157894 1
0.152794 1
0.723984 1
0.270733 1
0.134095 4
1.048096 1
0.121249 1
0.357328 1
0.206787 1
0.341052 1
0.147491 1
0.166587 1
0.095355 1
1.174168 1
0.315834 1
0.146759 1
0.225233 1
0.296142 4
0.275667 1
0.128889 1
0.724187 1
0.154927 1
0.830939 1
0.273183 1
0.153952 3
0.078800 1
0.176513 1
0.180958 1
0.191035 1
0.180826 1
0.118634 11
0.018418 375
1.007934 32
1.006363 31
1.007705 32
1.005944 31
1.006142 32
1.006195 32
1.006635 31
1.007604 31
1.007685 32
1.007287 31
1.008701 31
1.008719 75
1.006544 31
1.007543 32
1.006216 35
1.006203 40
1.009160 31
1.006114 31
1.009723 15
0.000170 16
1.005988 32
1.008713 25
0.000126 6
1.007292 31
1.008840 32
1.004176 31
1.005486 32
1.005829 32
0.448460 46
0.000307 110
16.134732 1
0.194577 4
0.751421 3
0.311246 3
1.255036 5
0.106400 5
0.099534 1
3.912446 1
0.513785 1
0.174697 1
0.219706 1
0.538000 1
0.130289 1
0.137732 1
0.074634 1
0.767128 4
0.509495 4
0.026849 4
0.033662 4
0.031787 4
0.025784 4
0.032545 4
0.030253 4
0.029902 1
0.032058 1
0.031680 1
0.028480 1
0.034049 1
0.028432 1
0.028462 1
0.030721 1
0.030061 1
0.032366 1
0.029578 1
0.028559 1
0.030626 1
1.567771 1
0.670710 4
0.525257 1
0.394409 4
0.125411 1
0.293197 1
0.172469 1
0.098458 1
0.095841 1
0.056996 1
1.148084 4
0.507168 4
0.030041 4
0.032190 4
0.030443 4
0.032169 1
0.025124 1
0.030970 1
0.032385 1
0.031527 1
0.028750 1
1.906337 1
0.384267 1
0.226114 1
0.131540 1
0.071156 1
0.139593 1
0.837542 4
0.507966 4
0.030820 4
0.027743 4
0.031072 4
0.031480 4
0.029094 1
0.033132 1
0.030906 1
3.850871 1
0.797205 1
0.262796 1
0.249061 1
0.029840 1
0.073002 1
0.140445 1
0.285031 4
0.507810 4
0.028343 4
0.028404 4
0.031892 4
0.031517 4
0.028831 4
0.031146 1
0.026859 1
0.032538 1
0.217260 1
0.138982 1
0.103293 1
0.288295 1
0.600337 4
0.165881 1
0.432339 1
0.292669 1
0.340071 1
0.281345 1
0.152684 4
0.506928 4
0.030227 4
0.034623 4
0.025141 4
0.031638 4
0.031799 4
0.029799 4
0.029274 1
0.028287 1
0.029428 1
2.107700 1
0.267342 1
0.211546 11
0.018832 93
0.001119 110
10.257912 1
0.579578 1
0.426525 1
0.289456 1
0.143167 1
0.147197 1
0.647490 4
0.743716 4
0.181646 4
0.115250 4
0.224222 4
0.132469 4
0.406276 1
0.365834 1
0.524081 4
0.126202 1
0.119281 1
0.128584 1
0.193753 1
0.543832 1
0.150791 1
0.121173 1
0.433042 4
0.506717 4
0.032386 4
0.025917 4
0.032807 4
0.027877 4
0.032907 4
0.029124 4
0.030746 1
0.027774 1
0.030978 1
0.033822 1
9.541480 1
0.409587 1
27.786166 1
0.089302 1
0.095079 1
0.133515 1
0.060221 1
0.106044 1
1.039803 1
0.952170 1
0.084095 1
0.229671 11
0.425939 285
0.005365 110
67.304264 1
0.775074 1
0.152584 1
0.310076 4
0.096529 4
0.137322 4
0.088973 1
0.900701 1
0.082271 1
0.380511 4
0.135204 4
0.947899 1
0.570280 1
0.801190 4
0.208521 4
0.763007 1
0.217213 1
0.152454 1
0.476214 1
0.474795 4
0.201006 4
0.133027 4
0.125258 4
0.207669 1
1.109119 1
0.277157 1
0.137182 1
0.274488 1
0.228451 1
0.221782 1
0.376064 4
0.211922 1
0.209313 1
0.111723 1
0.111703 1
0.251687 4
0.506575 4
0.030424 4
0.032330 4
0.028581 4
0.030834 4
0.031594 4
0.028873 4
0.029102 4
0.027192 1
0.033189 1
0.032509 1
1.348988 1
0.090666 1
0.608308 4
0.117457 4
0.100722 1
18.105285 1
0.095351 1
0.077936 1
0.146464 1
0.110357 1
0.349946 11
0.009810 11
0.001081 110
0.379303 1
0.096337 1
0.167278 11
0.003112 37
0.000258 110
9.858077 1
0.071190 1
0.141156 1
0.066643 1
0.155832 1
0.110904 1
0.104863 4
0.511583 4
0.029491 4
0.030473 4
0.029981 4
0.029237 4
0.029961 1
0.030303 1
0.033725 1
0.029434 1
0.032550 1
0.029707 1
0.354888 1
0.087075 1
1.529579 4
0.105401 4
0.152970 1
0.089329 1
0.159741 1
0.285394 1
0.113256 1
0.112596 1
0.319984 1
0.496942 1
0.083684 1
0.153832 1
0.107489 1
0.498694 1
0.394521 1
0.116134 1
1.305479 1
0.162449 1
0.348124 1
0.100233 1
0.090321 1
0.086798 1
0.152005 1
0.327236 1
0.196915 1
0.207237 1
0.145614 1
0.462149 1
0.125652 1
0.530799 1
0.595839 1
0.304274 1
0.074985 1
0.235975 1
0.104491 1
0.505622 1
0.641722 1
0.323532 1
0.218760 1
3.285792 1
0.697045 1
0.779959 3
0.354970 1
1.580571 4
0.165717 465
0.176368 4
0.216644 4
0.530086 1
0.216308 1
0.338746 3
0.969121 1
1.126634 1
0.540973 1
0.239313 1
0.314898 1
0.698618 1
0.241593 1
0.068452 1
0.650700 1
0.121080 1
0.699512 1
0.558937 1
0.144287 1
0.399221 1
0.334634 1
0.116667 1
0.365896 1
29.733802 1
0.129562 3
0.106436 1
0.505928 1
0.029744 1
0.034613 1
0.027438 1
0.031201 1
0.029186 1
0.030772 1
0.029831 1
0.028858 1
0.031834 1
0.031896 1
0.028930 1
0.030591 1
0.029573 1
0.032086 1
0.030829 1
0.031505 228
0.028507 1
0.030985 1
0.029807 1
0.028974 1
0.031880 1
0.030036 1
0.030779 1
0.029519 1
0.031638 1
0.028549 1
0.033121 1
0.024437 3
0.506992 3
0.028707 3
0.031517 3
0.028921 3
0.032637 3
0.031454 3
0.027108 3
0.029843 3
0.030384 3
0.030811 3
0.032175 3
0.030538 3
0.028280 3
0.031116 3
0.031340 3
0.033090 3
0.027597 3
0.027764 3
0.030385 3
0.030557 3
0.031561 3
0.032496 3
0.030583 3
0.027281 3
0.032269 3
0.028854 3
0.031355 3
0.029265 3
0.030608 1
0.026958 1
0.031699 1
0.032260 1
0.031276 1
0.069752 1
0.004034 1
10.066853 11
0.184118 45
2.033804 36
0.864617 376
0.517529 46
0.197754 56
0.001143 102
0.100669 56
0.000775 46
0.097713 56
0.101661 56
0.099970 56
0.099115 56
0.099744 111
0.099317 111
0.101960 111
0.100696 102
0.097868 56
0.001097 46
0.099754 112
0.098849 56
0.000443 104
0.100367 56
0.000478 102
0.099196 112
0.100568 162
0.099253 114
0.099462 114
0.099515 114
0.101153 114
0.100469 114
0.099761 114
0.099873 62
0.000045 52
0.099479 62
0.000021 42
0.006447 42
0.093591 58
0.011846 42
0.087486 58
0.005902 42
0.004931 42
0.089410 58
0.005177 42
0.094737 58
0.003250 42
0.002122 42
0.004886 42
0.090789 48
0.000939 38
0.000072 4
0.002422 42
0.097914 42
0.000695 44
0.098369 44
0.100500 44
0.099857 44
0.099901 44
0.099971 24
0.000079 20
0.100374 44
0.047100 130
0.212378 66
0.292203 110
9.257857 1
0.466045 4
9.377841 1
0.771426 1
0.179236 1
0.176477 1
0.104449 1
1.410781 1
0.493067 4
1.211963 1
0.042010 1
0.088282 1
0.107771 1
0.403146 4
0.507268 4
0.029733 4
0.033150 4
0.023666 4
0.032643 4
0.031114 4
0.027680 4
0.033222 4
0.028482 1
0.030877 1
0.031789 1
2.348998 1
0.081994 1
0.360558 4
0.115543 4
0.119410 1
0.071015 1
0.301759 1
0.115646 1
0.113667 1
0.095958 1
0.171312 1
0.261449 1
0.070327 1
0.146138 11
0.228103 444
0.002936 110
10.642594 3
0.171978 3
1.324289 5
0.028080 5
0.030674 1
0.035109 1
0.804923 1
0.220991 1
0.240161 1
0.148023 1
0.105450 1
0.446431 4
0.215769 4
0.109117 4
0.132118 4
0.117514 4
0.709914 1
0.214392 1
0.257932 1
0.221365 1
0.075026 1
0.122627 4
0.084499 4
0.113049 4
0.112953 4
0.108870 4
0.086200 1
1.883262 1
0.314822 1
0.258865 1
0.111128 1
0.078930 1
0.148703 1
1.601828 1
0.115582 1
0.185934 1
0.646089 4
0.506292 4
0.032996 4
0.030354 4
0.030312 4
0.031427 4
0.032580 4
0.029083 4
0.029970 4
0.028920 1
0.029592 1
0.030498 1
0.030379 1
0.029214 1
136.117916 1
0.120275 1
0.710631 1
0.217785 1
0.735999 1
0.191440 1
0.856636 4
0.140676 4
0.186743 4
0.115293 4
0.108408 4
0.095023 4
0.473381 1
0.092847 1
0.105762 1
0.120581 1
1.410893 1
0.131576 1
0.540439 4
0.109662 4
0.111787 1
0.806870 1
0.088011 1
0.103495 1
0.105641 1
0.121637 1
0.204571 11
0.015053 11
0.000500 110
1.407222 1
0.195287 1
0.279931 1
0.672944 1
0.700977 1
0.204999 1
0.317728 11
0.016908 57
0.000913 2121
0.000031 550
0.000177 407
0.000039 687
0.000015 150
0.000113 375
0.000051 60
0.001797 110
210.330274 1
0.530649 4
96.443103 107
2.920838 107
206.190591 1
0.098026 1
0.111057 1
0.074065 1
0.221641 1
0.878281 11
0.002434 11
0.000409 110
3.430461 1
0.179407 1
0.299092 1
0.329124 1
0.139568 1
0.139675 1
0.180866 1
0.609795 1
0.386973 1
0.738342 11
0.023063 4095
0.000035 3225
0.000744 110
108.149674 9
1.513234 1
0.348282 1
4.476649 1
0.996521 1
0.710888 1
0.312655 1
0.397651 1
0.172502 1
0.446800 1
0.481276 1
0.131877 1
0.103389 1
0.110500 1
0.106056 1
0.112452 1
0.351681 1
0.732599 1
1.069072 11
0.024558 2175
0.000798 110
148.791922 1
0.091114 1
0.100258 1
0.096755 1
0.070180 1
0.253892 1
0.151572 1
0.312827 1
8.965368 1
2.324593 4
0.307859 4
0.315255 4
0.138620 4
1.940441 1
0.129837 1
0.452298 1
0.192365 1
0.430129 1
0.615191 1
0.209164 1
0.384413 1
0.340081 1
0.318670 1
0.532450 1
0.299018 1
0.153075 1
0.136391 1
0.223467 1
0.372768 1
0.315328 1
0.181543 1
1.937108 1
0.123310 1
0.571352 1
2.698241 3
0.120533 3
0.175690 3
1.925948 3
0.703359 3
0.146091 3
0.193014 3
0.818787 3
0.612688 3
0.462688 3
0.133680 3
0.380980 3
0.645319 3
0.527147 3
0.128007 226
0.227306 3
0.088064 3
1.662857 3
1.338634 11
0.042274 25
1.398630 2
0.131879 1020
0.003025 110
11.791335 1
0.088985 1
0.210567 4
0.131068 4
19.570408 107
131.542321 1
0.718668 1
0.231056 1
0.118360 1
0.355131 4
0.315122 1
0.184650 4
0.109791 4
0.114818 4
0.124192 4
0.113695 1
0.731384 1
0.116182 1
0.307464 1
0.232759 1
0.111656 1
0.290563 4
0.117783 4
0.106585 4
0.123131 4
0.109315 4
0.220150 1
0.052956 1
0.185111 1
0.456914 4
0.118102 4
0.097208 4
0.120375 1
0.119937 1
0.243918 1
0.149520 1
0.134092 1
0.137754 1
0.637771 1
0.268762 4
0.104752 4
0.082328 4
0.103276 4
0.099402 4
0.112881 4
0.094405 4
0.101853 1
64.258880 1
0.344423 1
1.088715 1
0.229305 1
0.130468 1
0.138425 1
0.137742 1
0.322822 1
0.197706 1
0.152551 1
1.340968 1
0.390824 1
0.129651 1
0.161108 1
0.114888 1
0.342273 1
0.250611 1
0.423644 1
0.111885 1
2.604155 4
0.281875 1
0.146783 1
0.275372 11
0.002977 1541
0.000623 110
5.307359 20
0.158107 1
0.110166 1
0.094823 1
0.117399 1
0.106871 1
0.092147 1
0.117226 1
0.114556 1
0.085596 1
0.112207 1
0.226382 1
0.429551 9
0.424246 5
0.308084 11
0.009121 1918
0.000513 110
231.835981 1
0.093689 1
0.076172 1
0.081900 1
0.068021 1
0.100636 1
0.150720 1
0.485466 1
0.086025 1
2.736440 116
5.288526 4
0.121565 4
0.101823 4
0.103755 4
0.379463 4
0.092424 4
0.104817 4
0.112305 4
0.108776 4
0.294508 1
0.084113 1
0.106846 1
0.103489 1
0.085936 1
0.181424 11
0.001826 11
0.000710 110
1.758598 1
0.059524 1
0.155646 1
0.124032 1
0.118007 1
0.114334 1
0.331576 1
0.154072 1
0.591751 1
0.249841 1
5.055285 1
0.077124 1
0.129006 1
0.166063 4
0.105193 4
0.091951 4
0.121659 4
0.108871 4
0.107907 4
0.108035 4
0.399747 1
0.098129 1
0.752828 11
0.532790 196
0.018758 110
1.340218 1
0.056146 1
0.413492 4
0.151610 4
0.134357 1
0.145235 1
0.085578 1
0.110516 1
0.079370 1
0.095400 1
0.091014 1
0.225076 1
0.191684 1
0.057352 1
0.169485 11
0.384926 444
0.009798 110
2.383796 1
0.083812 1
0.558200 1
0.115970 1
0.070812 1
0.128604 1
0.166972 1
0.570003 1
0.203692 1
0.211066 1
0.213251 1
0.773591 1
13.079667 21
1.245806 25
0.253773 1
0.859958 1
0.082520 1
0.145460 1
0.390658 1
0.155920 1
0.148573 1
20.960439 11
0.376779 30
0.001044 622
0.007589 110
1022.690481 1
0.125043 1
0.196243 4
0.121767 4
0.068331 1
8.418623 1
0.124714 1
0.369598 1
0.394211 1
0.505698 1
0.176624 1
8.714648 4
0.102835 4
0.098548 4
0.107667 4
0.128689 4
1.085098 1
0.158099 1
0.300805 1
0.210790 1
0.205088 1
0.163864 11
0.021145 76
0.001093 1244
0.000252 1248
0.000373 148
0.000357 1237
0.000045 234
0.000011 312
0.000074 153
0.002074 110
67.681565 1
0.487812 1
71.417898 1
0.089071 1
0.061384 1
0.138942 1
0.109328 1
0.059099 1
1.122467 1
0.289065 1
0.150874 1
0.101387 1
0.267915 1
0.106810 1
0.087248 1
0.119062 1
0.356834 1
0.242803 1
0.196787 1
0.110319 1
0.156732 1
0.512439 1
0.477016 1
0.166843 1
0.110029 1
0.330115 1
0.084096 1
0.121433 1
0.147006 1
0.310933 1
0.349016 1
0.089726 1
1.079090 4
0.242202 1
0.110434 1
0.176436 1
0.065148 1
0.071864 1
0.175585 1
0.131275 11
0.037849 2075
0.000390 1547
10.673213 2064
0.000314 2189
21.357433 17
0.376027 13
0.188781 17
0.176419 13
1.327113 10
0.000018 102
0.002294 13
0.825093 140
87.387036 1
14.694911 107
2.402838 1
1.803669 4
4.324104 1
0.116965 1
0.056387 1
0.179175 1
0.126159 1
0.077047 1
0.578899 1
0.672576 1
0.134575 1
0.331926 1
0.475872 1
0.176993 1
0.140608 1
0.401499 1
0.440095 1
0.111383 1
0.167406 1
0.228345 1
0.093232 1
0.137516 1
0.100919 1
0.101587 1
0.109675 1
0.230490 11
0.008627 8
0.208922 2095
16.883197 2066
0.000122 1043
0.000123 14
240.030747 11
0.004745 110
11.467530 1
0.057338 1
0.117205 1
0.110909 1
0.087178 1
0.122859 11
0.003976 11
0.000411 110
1.803724 107
32.194335 1
0.055440 1
0.112302 1
0.265933 1
0.432102 1
0.152481 1
0.111620 1
0.605789 1
0.165790 1
0.306653 1
0.164447 1
0.109680 1
0.107549 1
0.062353 1
0.343074 1
0.463661 1
0.107643 1
0.237500 1
0.142045 1
2.515912 4
0.133510 4
0.113685 4
0.109113 4
0.122029 4
0.083866 4
0.575611 4
0.116594 4
1.465176 1
0.041910 1
0.160119 1
0.648209 1
0.111637 1
0.242608 1
0.256684 1
0.055985 1
0.111397 1
0.160269 11
0.012173 911
0.000587 110
0.610306 20
0.549306 4
0.078784 4
0.140308 4
0.082447 4
0.112975 4
0.139617 4
0.948169 1
0.404927 1
0.063986 1
0.165777 1
0.106462 1
0.167774 11
0.009931 2562
0.000637 110
4.466931 107
77.360062 1
0.409020 1
0.330828 1
0.089836 1
0.105326 1
0.268195 4
0.107489 1
7.546674 11
0.010434 4
0.000569 110
326.435822 107
1.690653 44
2.107693 73
1.614411 4
0.509880 4
0.028734 4
0.031492 4
0.030831 4
0.031100 4
0.030290 4
0.032009 4
0.028387 4
0.029715 4
0.030473 4
0.033483 4
0.032889 4
0.029126 4
0.030415 4
0.030076 4
0.031183 4
0.029120 4
0.033068 4
0.027306 4
0.030546 4
0.031213 4
0.030078 4
0.030122 4
0.034621 4
0.030123 4
0.029187 4
0.034049 4
0.029871 4
0.032519 4
0.028345 4
0.029574 4
0.030277 4
0.031782 4
0.028414 1
0.028150 1
0.033302 1
0.031674 1
0.026826 1
0.031404 1
0.029348 1
1.119765 1
0.091580 1
0.829223 1
0.421563 4
0.139025 4
0.091224 4
0.116238 1
0.160530 1
0.055196 1
0.969751 4
0.099612 4
0.089994 1
0.080165 1
0.087619 1
0.156731 1
0.063864 1
0.108719 1
0.111353 1
0.381542 1
0.502045 1
0.079014 1
0.145915 1
0.095703 1
0.337144 1
0.157416 1
0.172824 1
0.100379 1
0.216228 1
0.152945 1
0.311358 1
0.354819 1
0.340358 1
0.061411 1
0.137923 1
0.372609 1
0.330026 4
10.486917 11
0.299622 60
0.003481 110
2.275054 22
0.148081 1
0.494591 1
0.029341 1
0.030237 1
0.029584 1
0.031595 1
0.032107 1
0.029181 1
0.215204 3
0.152310 3
0.171857 3
0.385748 15
0.111175 15
0.102876 15
0.118512 15
5.181151 15
0.652532 11
0.179376 11
0.158520 11
0.147024 11
0.124789 11
0.141872 3
0.116151 3
0.112502 3
0.202860 3
0.137687 3
0.118289 1
1.596616 4
0.173598 1
0.123814 1
0.485334 11
0.295043 93
0.000162 965
0.000202 874
0.000198 353
0.004264 110
4.132846 107
23.409613 107
56.266173 1
0.099660 1
0.071859 1
0.128468 1
0.065219 1
0.218670 11
0.002638 11
0.000371 110
2.939781 1
0.106830 1
0.108581 1
0.085131 1
0.086910 1
0.353348 1
0.187439 1
0.110887 1
0.134931 1
0.304512 1
0.173959 1
0.446719 4
0.220671 4
0.262325 4
1.148143 1
0.419465 1
0.120075 1
0.300095 1
0.220537 1
0.156942 1
0.087222 1
0.103974 1
0.111237 1
0.655261 1
0.308845 1
0.081437 1
0.163033 1
4.738584 11
0.036167 25
1.385591 2
0.088403 29
0.114436 64
0.020308 64
0.057429 66
0.259184 70
0.001804 33
0.002029 37
0.381654 54
0.003297 32
0.001085 42
0.262434 47
0.001493 37
0.084803 65
0.062877 133
4.838600 1
0.625789 2
0.010393 22
0.500280 34
0.117421 184
0.501422 49
0.106329 63
0.267635 184
0.026732 218
0.500717 40
0.032152 104
0.477218 16
0.055273 83
0.003765 285
0.024702 26
0.019757 26
0.022033 26
0.024455 26
0.023104 26
0.022816 26
0.024010 26
0.021609 26
0.025797 100
0.003015 174
0.007800 105
0.006449 53
0.029959 105
0.039122 65
0.006565 179
0.006641 58
0.019174 105
0.034332 47
0.004946 163
0.004717 36
0.040411 105
0.045251 54
0.019558 105
0.006272 105
0.007656 59
0.005557 105
0.005653 105
0.007287 37
0.005740 105
0.005595 105
0.007815 53
0.716072 57
0.076816 56
0.366825 20
0.182202 110
30.709435 107
23.632168 1
0.477775 1
0.218176 1
0.122810 1
0.211874 11
0.030836 73
0.105346 3432
1.509997 481
1.509404 248
1.508793 169
1.509371 137
1.509379 90
1.510430 96
1.509034 383
1.508800 667
1.510307 191
0.004051 258
1.507768 209
1.509160 206
1.508822 143
1.508998 95
1.510266 122
1.508669 221
1.509103 637
1.509470 620
1.510315 491
1.509821 1023
1.509558 689
1.509999 204
1.510220 392
0.623872 1247
0.012165 1187
0.011853 892
0.009265 964
0.010689 1510
0.331951 1623
0.039507 1066
0.036100 775
0.464797 1332
0.068127 1308
1.509829 194
1.509263 175
0.416007 1066
0.028325 775
0.011480 1134
0.012264 1613
0.014641 1607
0.250206 988
0.015744 900
0.016702 1249
0.002743 860
0.015503 554
1.526689 89
1.245183 1174
0.100175 1186
0.098234 1388
0.044519 1089
1.509771 109
1.510713 62
1.509717 41
1.509028 77
1.509885 631
1.509050 569
1.509067 132
1.508596 168
0.494723 981
0.019654 856
0.016072 1247
0.020728 1032
1.133768 1337
0.070511 526
0.000147 660
0.035863 902
0.000133 486
0.031333 754
0.000246 335
1.509531 164
1.508034 155
0.367239 224
0.000108 341
0.000199 466
0.000025 128
0.000146 251
0.000237 1691
0.000214 1312
0.000065 284
0.000139 284
0.000118 568
0.000060 284
0.000115 335
0.822496 2016
0.072054 2179
0.487632 2697
0.012067 2269
0.000041 543
0.037392 1995
0.000018 523
0.203019 2585
0.015599 2200
0.024344 2523
0.044470 2903
1.508969 83
1.509687 122
1.509402 124
0.314200 2256
0.023844 1848
0.013105 497
0.000173 1632
0.000137 576
0.015122 2487
0.000199 775
0.008468 99
0.000184 1780
0.000173 876
0.023827 2016
0.206364 2812
0.015574 2518
0.013401 2585
0.016065 2200
0.019158 2523
0.448002 2903
0.067407 2549
1.508499 205
1.509157 258
1.509833 108
1.509956 151
1.509864 859
1.509575 881
1.509799 77
0.067250 2688
0.019893 2212
0.019963 1880
0.020425 2217
0.131349 1982
0.010262 402
1.869796 472
0.577607 388
0.741516 2477
1.075447 2742
1.506552 137
1.509584 148
0.476527 332
1.577488 206
0.785622 337
1.510678 157
1.510041 182
1.509751 135
1.509401 117
0.954066 332
1.953566 181
1.508872 147
1.508862 174
1.509600 150
1.511082 15
0.000687 432
1.508795 370
1.510104 137
1.509627 106
1.509546 199
1.509923 168
1.509743 179
1.509229 121
1.509695 522
1.508343 279
1.508110 412
1.510029 468
1.513396 630
1.509803 379
2.146957 145
1.512859 427
1.509758 216
0.000020 212
1.509600 457
1.507317 406
1.506960 92
1.507922 142
1.510922 328
1.504528 793
1.511671 474
1.508558 476
1.509527 665
1.508997 629
1.508568 1191
1.509358 1079
1.509856 351
1.509626 678
1.513794 690
1.507529 397
1.512063 389
1.513500 204
0.000393 327
1.508891 500
1.508710 116
1.509361 923
1.509668 903
1.510205 407
1.509237 350
1.509640 85
1.510972 85
1.510046 416
1.509332 601
1.511722 345
1.512109 419
1.508661 497
1.509895 167
1.510142 145
0.000153 237
1.510334 246
1.510222 160
1.509476 99
1.510011 429
1.509587 370
1.509324 428
1.509574 500
1.508907 471
1.511519 609
1.507210 373
1.510462 173
1.509360 339
1.508983 667
1.508655 393
1.508528 167
1.509888 236
1.509409 206
1.510999 15
0.000739 455
1.509464 391
1.509321 104
1.510028 513
1.509957 317
1.509451 390
1.509455 259
1.508620 412
1.509634 151
1.508632 411
1.510933 15
0.000597 371
1.508023 517
1.509392 95
1.510017 436
1.508765 129
1.509310 237
1.509832 404
1.509878 467
1.509983 160
1.509478 505
1.511482 15
0.000616 608
1.509379 645
1.510304 132
1.508283 260
1.510000 605
1.509643 928
1.509630 405
1.509842 173
1.509582 605
1.509595 928
1.509171 620
1.509212 694
1.509548 531
1.509310 174
1.508578 452
1.507998 107
1.509051 609
1.509341 373
1.508868 179
1.509037 135
1.509725 403
1.508986 159
1.510047 491
1.509344 507
1.509119 676
1.509317 640
1.509425 418
1.509039 82
1.508492 481
1.510838 446
1.509197 168
1.509329 328
1.508976 385
1.508148 210
1.509912 449
1.509129 715
1.509750 387
1.509932 151
1.509827 186
1.509780 163
0.492811 308
0.507890 318
0.032437 388
0.030581 463
0.029531 405
0.031389 359
0.030507 352
0.029425 367
0.032659 361
0.029857 362
0.030737 364
0.029115 409
0.032140 412
0.032168 232
0.000037 174
0.029633 394
0.032355 30
0.000141 347
0.028067 397
0.040614 557
0.018433 30
0.000120 387
0.034257 370
0.031499 370
0.028950 370
0.028917 249
0.000018 121
0.028637 30
0.000107 349
0.032632 383
0.032711 383
0.028715 374
0.033033 370
0.026082 370
0.034239 370
0.029604 370
0.031749 370
0.030891 437
0.031360 422
0.025612 30
0.000130 391
0.034262 456
0.030432 472
0.029153 472
0.031282 30
0.000151 442
0.032346 472
0.025091 472
0.031211 30
0.000037 442
0.032218 472
0.029921 472
0.033332 472
0.025358 472
0.035876 472
0.027634 488
0.245397 489
1.515801 135
1.509688 92
1.252860 481
0.194622 448
0.173923 605
1.182571 448
1.510083 129
1.283660 448
1.145123 524
0.241540 448
1.510153 114
1.509592 91
0.130044 2708
1.012036 491
0.515742 516
0.023606 388
0.033593 388
0.026916 383
0.032168 387
0.030802 399
0.029297 375
0.032885 375
0.027152 375
0.029870 400
0.128950 375
0.305673 375
0.320745 375
0.514574 480
0.024550 400
0.030345 400
0.030258 31
0.000142 369
0.032477 400
0.029312 400
0.031206 400
0.031429 400
0.030915 395
0.025221 438
0.030066 155
0.000038 306
0.034339 31
0.000124 442
0.030217 452
0.030008 417
0.033866 427
0.022947 416
0.035317 412
0.030987 422
0.031329 392
0.029803 362
0.030367 381
0.029299 351
0.028377 366
0.031580 129
0.000199 272
0.237203 367
1.201844 581
0.146121 333
0.175113 324
0.157715 362
0.101865 358
0.457818 243
0.000043 139
1.367093 599
0.504067 391
0.030888 397
0.028258 259
0.000048 129
0.032414 244
0.000042 192
0.033678 439
0.029871 436
0.029280 424
0.030344 389
0.032043 30
0.000052 369
0.027533 30
0.000039 369
0.030272 30
0.000048 369
0.032491 399
0.033888 399
0.030286 399
0.027994 30
0.000134 369
0.033313 399
1.509636 174
0.542822 375
0.663304 375
0.518354 494
0.028050 399
0.027996 30
0.000046 369
0.028479 30
0.000070 387
0.033998 427
0.026402 402
0.030799 412
0.032251 412
0.030869 462
0.033310 510
0.024840 491
0.036295 491
0.027911 501
0.027312 501
0.478995 501
0.510277 501
0.029485 501
0.030724 501
0.030944 501
0.038403 747
0.020238 501
0.035292 501
0.041447 501
0.015546 497
0.000078 14
0.031240 521
0.037284 30
0.000137 488
0.022314 518
0.030192 30
0.000196 488
0.040942 518
0.020456 30
0.000051 488
0.032339 514
0.029692 323
0.000100 196
0.276627 30
0.000053 485
1.418124 726
0.546681 502
0.512369 502
0.029710 500
0.029435 496
0.028734 505
0.031611 505
0.032576 188
0.000014 317
0.031768 505
0.030343 505
0.030313 185
0.000034 317
0.029770 174
0.000019 308
0.032550 477
0.028908 477
0.025586 477
0.036068 477
0.029442 502
0.036149 728
0.024334 502
0.031465 502
0.031225 502
0.030664 502
0.031596 31
0.000096 471
0.029466 497
0.027806 503
0.027809 31
0.000125 485
0.035336 157
0.000020 301
0.033769 157
0.000046 256
0.028013 413
0.031089 408
0.029535 412
0.030608 424
0.032764 400
0.028718 400
0.030611 31
0.000146 369
0.026517 31
0.000111 369
0.031778 400
0.032255 400
0.032079 400
0.030965 31
0.000140 369
0.028721 400
0.028648 400
0.032888 148
0.000134 252
0.031180 395
0.030714 438
0.030704 461
0.025318 473
0.032634 452
0.030620 417
0.031227 158
0.000036 269
0.032198 416
0.027251 412
0.032338 422
0.029961 392
0.030704 362
0.030251 381
0.028763 139
0.000016 212
0.033986 366
0.025289 401
0.034074 400
0.031224 423
0.029613 415
0.035256 366
0.025589 408
0.031254 346
0.027712 460
0.032468 228
0.000015 306
0.037661 693
0.021195 365
1.622617 509
1.510223 148
0.387024 341
0.363055 325
0.394630 341
0.197718 325
0.548483 605
0.308214 505
0.160685 425
0.510868 359
0.032302 326
0.028949 366
0.031476 390
0.029277 398
0.030963 359
0.030232 356
0.029781 363
0.033014 333
0.030886 321
0.082846 362
0.515916 597
0.022560 405
0.034544 420
0.029664 15
0.000180 400
0.028960 273
0.000038 148
0.030889 412
0.031963 460
0.031332 463
0.031010 460
0.027609 448
0.028874 15
0.000152 374
0.031616 399
0.578036 399
0.173247 399
0.143361 399
0.115314 399
0.113216 399
0.522884 496
0.021660 399
0.035382 399
0.027894 30
0.000036 369
0.507491 399
0.029808 417
0.031986 427
0.029854 402
0.031864 412
0.030686 412
0.028959 462
0.030336 510
0.029921 491
0.034199 491
0.026211 30
0.000033 471
0.035916 30
0.000042 471
0.028853 501
0.029875 501
0.029539 317
0.000038 184
0.032109 501
0.032195 501
0.026763 15
0.000217 486
0.031385 501
0.032032 501
0.027228 30
0.000033 471
0.033624 511
0.028755 30
0.000141 491
0.029745 518
0.025350 30
0.000197 488
0.037387 518
0.031296 518
0.029060 518
0.026976 15
0.000222 499
0.031943 519
0.035483 639
0.026831 515
0.029165 15
0.000308 500
0.032067 515
0.031556 515
0.030675 515
0.029763 319
0.000016 184
0.030545 511
0.028349 521
0.032023 518
0.029379 518
0.030875 518
0.029934 518
0.031015 320
0.000043 198
0.030114 518
0.035285 514
0.030596 519
0.026115 515
0.028531 515
0.032797 15
0.000230 500
0.032695 515
0.027634 515
0.030961 515
0.028352 503
0.031193 509
0.032564 515
0.029632 511
0.030004 511
0.027487 511
0.030561 511
0.030295 511
0.031410 511
0.033458 511
0.030350 511
0.028695 473
0.033621 435
0.031418 403
0.031210 30
0.000021 373
0.029691 403
0.031807 403
0.031595 403
0.027554 403
0.032199 403
0.027703 403
0.031743 403
0.031791 403
0.025328 403
0.031219 263
0.000040 194
0.030380 457
0.032874 389
0.034549 628
0.028726 15
0.000076 500
0.031270 30
0.000042 481
0.028292 511
0.030974 511
0.031523 317
0.000016 194
0.030509 511
0.031619 511
0.027922 511
0.029699 30
0.000038 443
0.029751 435
0.030291 30
0.000026 389
0.031907 403
0.028289 15
0.000193 388
0.033064 403
0.033034 263
0.000037 140
0.028236 263
0.000043 140
0.027835 403
0.031846 403
0.029100 403
0.034693 403
0.030077 15
0.000164 388
0.029165 30
0.000020 427
0.030645 462
0.029804 30
0.000016 386
0.034616 424
0.026549 15
0.000040 409
0.795105 171
0.236271 400
1.244421 400
0.515886 532
0.024607 439
0.036512 443
0.026060 379
0.030918 379
0.031224 379
0.029830 379
0.032807 379
0.030783 379
0.030535 379
0.029044 130
0.000042 249
0.029780 6
0.000169 373
0.030731 379
0.032423 404
0.028167 436
0.027163 210
0.000056 281
0.028955 523
0.035319 523
0.032636 31
0.000127 492
0.028029 523
0.028061 523
0.033697 210
0.000040 313
0.029936 523
0.029897 31
0.000124 490
0.031892 443
0.026545 377
0.030337 210
0.000182 256
1.511407 237
1.509590 149
1.506232 550
0.502539 404
0.031201 404
0.031097 404
0.029937 404
0.034171 404
0.027430 404
0.029138 404
0.031546 31
0.000104 373
0.032840 404
0.028980 404
0.029841 404
0.029685 420
0.029745 491
0.032096 523
0.029423 523
0.029142 210
0.000122 313
0.136042 523
0.517903 636
0.022012 523
0.034790 523
0.028238 31
0.000106 492
0.034870 521
0.027521 505
0.029276 515
0.031874 527
0.031494 527
0.033099 212
0.000044 315
0.026471 31
0.000112 496
0.032004 31
0.000131 496
0.026456 212
0.000109 315
0.033276 525
0.031105 521
0.031311 530
0.031765 530
0.029797 530
0.030661 530
0.027928 530
0.030276 530
0.030712 527
0.031633 507
0.322417 515
0.516403 698
0.025279 527
0.034440 527
0.027387 527
0.031144 527
0.030293 527
0.032984 525
0.026341 521
0.030535 31
0.000151 499
0.033339 530
0.031539 530
0.028539 530
0.035459 530
0.024036 210
0.000218 317
0.031116 507
0.028024 199
0.000017 303
0.032977 502
0.029153 199
0.000018 303
0.032436 502
0.029689 502
0.029843 502
0.031676 502
0.031883 502
0.028309 502
0.033303 502
0.025960 502
0.032935 497
0.028474 503
0.032349 208
0.000017 308
0.033549 458
0.024745 413
0.035273 413
0.031164 408
0.030369 412
0.029223 424
0.029171 400
0.031396 400
0.029401 400
0.028018 400
0.034710 148
0.000031 252
0.030708 400
0.030989 31
0.000178 369
0.032382 148
0.000017 252
0.031025 31
0.000099 369
0.026671 400
0.028514 400
0.031109 143
0.000021 252
0.147688 534
0.501711 375
0.028500 375
0.031719 375
0.030190 375
0.029594 375
0.035739 375
0.029720 375
0.030603 375
0.031502 375
0.032846 375
0.027761 6
0.000030 369
0.030345 242
0.000015 151
0.030894 266
0.000016 137
0.028511 378
0.033053 412
0.029527 412
0.031264 462
0.028839 510
0.033357 15
0.000163 476
0.029370 491
0.030133 30
0.000133 471
0.028932 501
0.031275 501
0.030613 30
0.000192 471
0.030261 501
0.032934 15
0.000206 486
0.029624 30
0.000052 471
0.030239 501
0.030548 501
0.028527 501
0.028281 501
0.419085 683
0.502380 521
0.031233 518
0.030821 518
0.031290 518
0.029467 518
0.028698 518
0.030292 514
0.031851 519
0.031856 515
0.030384 515
0.029708 515
0.029827 515
0.029745 515
0.776491 4095
0.000177 849
1.508865 119
1.509268 163
0.544273 4724
0.000106 335
0.645716 502
0.509530 502
0.030362 502
0.032628 502
0.029168 502
0.029979 500
0.031467 496
0.033898 505
0.033294 505
0.027779 505
0.029178 505
0.029907 505
0.029191 502
0.037771 636
0.024641 174
0.000016 303
0.032186 502
0.029515 502
0.031315 199
0.000037 303
0.030390 502
0.029607 502
0.030780 502
0.028380 502
0.029578 199
0.000018 303
0.031580 502
0.032968 502
0.031819 497
0.029619 503
0.030367 516
0.028144 31
0.000120 427
0.030900 413
0.028335 413
0.030141 408
0.031490 412
0.029645 424
0.031375 400
0.028639 400
0.033943 400
0.031261 400
0.026192 400
0.029220 31
0.000104 369
0.030107 31
0.000166 369
0.033937 400
0.030595 400
0.028331 400
0.031320 400
0.027340 31
0.000145 364
0.033740 196
0.000168 242
0.028418 31
0.000103 430
0.030055 473
0.031983 452
0.028981 417
0.028977 158
0.000041 269
0.033522 416
0.029342 412
0.031235 158
0.000156 264
0.028500 392
0.030386 362
0.031794 134
0.000015 247
0.033787 351
0.027901 366
0.033195 401
0.026229 400
0.027404 423
0.038537 687
0.025672 366
0.032051 31
0.000131 377
0.029547 346
0.028773 31
0.000136 429
0.030217 534
0.033267 447
0.026890 365
2.176766 272
1.509751 165
0.957981 325
1.070686 448
0.152148 325
0.162267 341
0.146400 325
0.160392 341
0.145203 325
0.196111 341
0.024590 325
0.127571 423
0.157705 423
0.142993 423
0.150488 670
0.085435 425
0.111982 359
0.117079 326
0.934947 366
0.106191 390
0.105867 398
0.117616 513
0.108178 367
1.509347 149
1.510470 136
1.509517 110
1.510340 92
1.509807 75
1.510220 113
1.509866 162
1.510063 138
1.509002 146
1.509807 154
1.510571 88
1.509067 127
1.510253 90
1.510360 75
1.508734 91
1.509418 71
1.509175 75
0.025744 356
0.011963 341
2.014169 174
1.510612 152
1.509132 70
0.810489 2471
0.044467 2521
0.093021 1353
0.000152 1037
0.047285 1498
0.000196 1470
0.271089 2582
0.049362 2302
0.308436 2681
0.051093 2500
0.990850 2471
0.005331 2550
0.011359 1397
0.000161 993
0.008339 2997
0.011723 1230
0.000244 1708
0.011911 1631
0.000166 1412
0.171355 2120
0.011905 2482
0.007256 3144
0.007777 2792
0.015247 468
0.000276 1904
0.000197 553
0.180621 3260
0.020037 15
0.000164 797
0.000166 755
0.000141 242
0.000193 239
0.000108 145
0.012125 649
0.868010 3022
0.014770 3236
0.008134 2856
0.011648 74
0.000364 3191
0.017444 308
0.000359 2263
0.000299 716
0.028793 2273
0.141810 2143
0.011084 2834
0.014673 2632
0.005162 2649
0.016215 2484
0.034817 1524
0.000250 1219
0.152112 2010
0.007066 399
0.005236 428
0.414588 2601
0.022100 1232
0.000191 1289
0.558219 2631
0.027850 2552
1.534828 131
1.517890 202
2.730528 227
1.513163 130
1.510383 111
1.510307 160
1.513070 116
1.510943 121
1.509360 85
1.510996 139
1.512989 112
1.508641 89
1.509635 106
1.508596 167
1.510065 135
1.508827 181
1.510316 139
1.509551 136
1.509514 106
1.509138 76
1.510799 134
1.509790 179
1.508951 142
1.509819 209
1.509411 185
1.508972 126
1.509029 132
1.510300 115
1.511705 141
2.684089 114
1.508491 132
1.510694 88
1.508615 127
1.509549 97
1.507248 167
1.510295 114
0.013864 405
1.510332 76
1.509517 116
1.510689 151
0.922454 421
0.588815 187
0.113721 2580
0.016047 2722
0.003788 2395
0.017939 3035
0.006593 2949
0.020403 3120
0.190518 2143
0.008583 1665
0.000135 706
0.010356 1780
0.000165 1316
0.010646 1884
0.000171 938
0.008203 1611
0.000134 1280
0.258796 2748
0.007493 3171
0.015348 3474
0.004087 1453
0.000130 1019
0.013918 2145
0.027218 2523
0.000204 355
0.155346 2603
0.004259 2949
0.009886 2603
0.018274 1513
0.000193 1122
0.000288 1348
0.000098 1020
0.012973 1730
0.000134 1085
0.030946 2592
1.883106 308
1.371370 13
0.000068 155
0.000263 1078
0.000095 542
1.508789 220
1.509220 167
1.508396 103
1.508619 61
1.509835 102
1.509065 150
1.510945 135
1.509149 140
1.508764 111
1.508382 61
1.509360 136
2.437785 1295
0.000041 539
0.011432 190
0.000252 328
0.000062 218
0.000146 424
0.000128 135
0.000059 106
0.000032 15
0.000046 81
0.000055 228
0.000314 324
0.015706 858
0.000030 302
0.000019 256
0.000101 310
0.000202 618
0.017059 190
0.000028 375
0.000083 171
0.000167 460
0.000281 1119
0.000181 560
0.030845 752
0.000099 974
0.000025 815
0.000077 524
0.034426 1726
0.000085 815
0.000067 201
0.000080 226
0.000149 324
1.509353 224
1.510142 116
1.510279 127
1.509129 77
1.509150 123
1.519097 98
1.509292 104
1.509301 108
1.509519 215
1.512965 133
1.509723 109
1.509073 108
1.508699 107
1.509025 41
1.509889 115
1.511125 124
1.506230 132
1.510322 104
1.507585 76
1.508896 107
1.509973 89
1.509116 107
1.509507 62
1.507534 203
1.508121 181
1.509146 202
1.507749 78
1.509623 117
1.509649 160
1.508676 147
1.509655 149
1.509155 156
1.509683 79
1.509368 61
1.509137 193
1.509010 81
1.509096 89
1.508212 94
1.508885 158
1.509492 140
1.509057 77
1.509881 161
1.509553 119
1.509803 162
1.510265 131
1.508827 232
1.509155 97
1.509134 94
1.509423 83
1.509213 200
1.509138 99
1.510040 95
1.509759 131
1.507631 106
1.508643 76
1.508540 108
1.509467 104
1.510327 69
1.509574 61
1.509126 107
1.509571 109
1.509006 112
1.508836 66
1.509429 98
1.509143 185
1.509654 161
1.508599 139
2.111632 209
1.510049 176
1.510428 126
1.510571 93
1.509527 108
1.508809 80
1.509462 76
1.509882 116
1.507260 95
1.506805 76
1.506384 99
1.508474 60
1.506101 107
1.509070 61
1.509112 85
1.508241 105
1.510299 127
1.511322 131
1.509265 185
1.508294 95
1.510098 73
1.509548 85
1.513247 105
1.509373 94
1.509178 41
1.509477 102
1.509768 67
1.511081 109
1.509533 59
1.508748 108
1.509247 123
1.509298 111
1.509556 183
1.509915 139
1.508727 82
1.509585 110
1.509865 191
1.508728 167
1.507891 81
1.509844 81
1.509588 151
1.509748 140
1.508561 80
1.510418 104
1.506341 103
1.509276 61
1.509186 66
1.509233 67
1.508848 61
1.508785 89
1.508819 124
1.511973 185
1.506678 164
1.510714 98
1.507105 69
1.510642 61
1.508621 174
1.509271 218
1.508241 120
1.509268 89
1.511790 126
1.508769 120
1.508591 123
1.509051 118
1.508505 66
1.509415 61
1.509683 121
1.510314 158
1.509036 41
1.509021 76
1.508778 74
1.510469 83
1.508811 61
1.512441 117
1.509732 80
1.510300 83
1.508944 132
1.507559 111
1.509693 98
1.509817 66
1.509119 125
1.509683 152
1.510403 53
1.509655 85
1.508559 107
1.509252 61
1.513437 66
1.508541 84
1.509626 197
1.508969 124
1.509322 80
1.508487 94
1.509946 41
1.508135 79
1.508860 66
1.509228 158
1.509166 122
1.509467 145
1.508219 101
1.232570 2742
0.000098 754
0.030833 224
0.001098 3522
0.013956 3958
0.021403 4095
0.000056 91
0.013233 1497
0.000077 818
0.000028 226
0.000072 201
0.000040 242
0.000054 204
0.000061 250
0.000070 213
0.000035 183
0.000070 29
0.000042 229
0.000080 324
0.014978 1497
0.000123 1691
0.000017 463
0.000075 642
0.000103 324
0.016134 2742
0.000031 1552
0.000231 514
0.032889 858
0.000019 302
0.000245 566
0.000014 589
0.000135 427
0.000136 446
0.000105 646
0.000157 259
0.000069 15
0.000304 926
1.510209 221
1.509272 154
1.508833 156
0.480729 4095
0.000184 680
0.046316 110
0.000174 620
0.000270 664
0.000196 899
0.000191 427
0.000185 1081
0.000164 783
0.016288 2293
0.000179 2090
0.010914 1475
0.000039 524
0.000040 520
0.000333 1310
0.000155 324
0.016612 246
0.000078 234
0.000306 793
0.000374 1893
0.000212 770
0.014159 2293
0.000093 1431
0.032590 1273
0.000036 726
0.000103 520
0.000021 631
0.000212 324
0.036283 262
0.000028 468
0.000424 1269
0.001921 1271
0.016468 1174
0.000235 1345
0.000302 524
0.029545 246
0.000067 354
0.000052 58
0.000103 178
0.000065 174
0.000073 35
0.000127 129
0.000072 99
0.000075 106
0.000205 620
0.000202 854
0.218993 1475
0.000216 818
0.000127 750
0.064058 3270
0.032355 3474
0.177769 3724
0.029182 658
0.000165 1861
0.000252 1417
1.507310 240
1.516159 181
1.508622 90
1.508860 84
1.511655 61
1.509451 109
1.509758 133
1.508224 92
1.509952 94
1.509386 102
1.508560 102
1.508536 146
1.509685 167
1.509523 163
1.510473 62
1.511508 61
1.508743 146
1.509482 97
1.508869 61
1.509455 81
1.510138 102
1.509315 66
1.508758 89
1.509379 108
1.509942 41
1.508720 76
1.508842 234
1.510566 95
2.383735 119
1.232963 424
0.002131 1308
0.000130 1339
1.507945 85
1.511535 81
1.507767 231
1.508481 137
1.509206 119
1.509967 87
1.509177 126
1.512583 183
1.508833 92
1.508720 136
1.509578 126
1.508995 77
1.508693 73
1.509438 82
1.508864 102
1.509037 136
1.510004 103
1.509767 61
1.509218 67
1.508475 96
1.510191 158
1.509198 152
1.509727 117
1.509021 166
1.508855 93
1.509746 176
1.509738 84
1.509239 108
1.510674 89
1.509052 121
1.508571 77
1.508595 107
1.508641 102
1.510267 108
1.510803 89
1.509019 94
1.506984 89
1.509272 94
1.508564 89
1.509535 83
1.509474 90
1.509400 156
1.512414 76
1.507893 164
1.512371 118
1.509411 185
1.508490 135
1.509691 102
1.511075 66
1.508515 61
2.523307 124
1.509924 72
1.510941 94
1.509504 109
1.508381 94
1.508202 107
1.508076 76
1.510073 107
1.508722 54
1.509936 72
1.509773 173
1.510533 119
1.512186 119
1.513487 130
1.509375 87
1.512851 54
1.509292 157
1.509262 121
1.509648 124
1.510812 91
1.509536 121
1.509136 214
1.509783 100
1.508566 102
1.509754 119
1.508996 107
1.511143 89
1.506651 129
1.509227 93
1.509237 141
1.510392 139
1.511313 120
1.507544 92
1.509064 66
1.510807 90
1.512536 107
1.510324 145
1.509111 140
1.509527 112
1.508989 86
1.509860 89
1.511667 80
1.508603 76
1.509277 109
1.507698 118
1.509032 116
1.509870 76
1.508533 134
1.509628 76
1.509700 94
1.512504 135
1.506411 119
1.509026 82
1.509939 76
1.508808 116
1.508674 139
1.509441 151
1.510246 178
1.508553 114
1.509703 84
1.510693 66
1.508643 62
1.508217 123
1.510308 77
1.509720 75
1.511208 66
1.509983 61
1.508322 81
1.510173 94
1.515767 204
1.509945 106
1.509678 183
1.511533 105
1.506458 94
1.510651 54
1.509083 89
1.508808 61
1.508529 107
1.508448 61
1.508994 101
1.508688 114
1.508958 79
1.508901 108
1.508864 117
1.509650 66
1.508506 41
1.509713 97
1.508963 119
1.509075 80
1.509204 108
1.508988 90
1.509676 187
1.509301 190
1.509333 178
1.511522 91
1.509225 120
1.509547 76
1.511976 109
1.509133 64
1.507539 93
1.507290 75
1.509742 107
1.509337 41
1.508849 61
1.508567 93
1.510337 117
1.508202 127
1.510023 122
1.509159 67
1.508663 108
1.509640 102
1.509204 190
1.509943 180
1.509336 82
1.508985 66
1.509703 163
1.509100 166
1.509089 78
1.508648 67
1.509999 61
1.510682 122
1.508375 183
1.508916 135
1.509021 109
1.509645 83
1.509280 101
1.508675 136
1.509022 106
1.509492 66
1.509614 95
1.508967 112
1.509712 165
1.508637 142
1.509985 125
1.509944 82
1.509803 101
1.508921 66
1.510173 180
1.509540 175
1.508998 41
1.509444 63
1.509127 109
1.508709 106
1.509872 103
1.508804 130
1.509538 78
1.509016 106
1.509642 71
1.510025 126
1.508619 179
1.508274 160
1.508683 192
1.509543 128
1.510304 133
1.510153 109
1.509022 81
1.509519 102
1.509602 66
1.509768 53
1.508686 104
1.509916 127
1.509192 77
1.508906 107
1.509118 53
1.509480 53
1.509072 76
1.509421 107
1.509676 69
1.509272 93
1.508870 148
1.509911 61
1.509141 129
1.510683 90
1.508979 94
1.508951 133
1.509604 78
1.509003 107
1.509174 152
1.509599 100
1.508731 61
1.509742 67
1.510170 66
1.508890 61
1.509718 131
1.509586 163
1.509702 118
1.510044 81
1.509560 69
1.508805 74
1.508480 105
1.509168 130
1.510446 121
1.509138 169
1.509115 129
1.508689 116
1.508285 143
1.510032 109
1.508683 102
1.508645 81
1.510260 66
1.511813 62
1.510394 41
1.508648 96
1.509244 91
1.509539 81
1.508766 102
1.510812 66
1.508451 77
1.512431 107
1.507859 94
1.509908 168
1.508779 155
1.509223 63
1.508870 159
1.508670 122
1.509632 124
1.509788 168
1.507945 105
1.511842 104
1.506704 108
1.509619 93
1.509190 107
1.509562 61
1.509010 81
1.509381 61
1.508113 149
1.508742 90
1.508061 107
1.509416 84
1.508382 132
1.510061 118
1.508901 185
1.509146 120
1.508292 206
1.509363 108
1.509951 158
1.509445 78
1.508772 116
1.509106 92
1.510270 115
1.509277 122
1.508809 131
1.509758 79
1.509438 66
1.508635 110
1.509572 94
1.509209 69
1.511146 145
1.508724 132
1.509396 188
1.510235 192
1.509173 175
1.510435 61
1.510009 110
1.511551 78
1.508381 108
1.509481 126
1.509249 118
1.508941 41
1.510855 74
1.509862 106
1.509357 41
1.512472 66
1.509149 82
1.508955 126
1.511242 110
1.509416 79
1.508691 189
1.508863 111
1.508391 119
1.509473 77
1.509229 61
1.511421 188
1.509280 138
1.508884 125
1.510358 90
1.509191 82
1.508824 103
1.508222 396
1.509382 254
1.509548 184
1.511142 113
0.000626 20
1.509608 182
1.509238 106
1.509095 197
1.510846 114
1.510075 77
1.509269 54
1.508907 123
1.508981 97
1.509991 134
1.510183 172
1.509630 120
1.509053 157
1.509323 92
1.509428 116
1.508694 63
1.509747 90
1.509683 147
1.509631 42
1.509003 78
1.509387 160
1.510353 81
1.513144 105
1.512724 131
1.509775 71
1.509223 64
1.515100 76
1.508591 112
1.509273 102
1.510074 126
1.509588 127
1.510646 136
1.509430 135
1.509860 83
1.509780 74
1.509165 41
1.509033 78
1.509384 157
1.509220 107
1.509369 78
1.508741 109
1.508490 82
1.509452 103
1.509177 103
1.509950 120
1.509942 84
1.509077 41
1.510037 83
1.509420 145
1.509491 125
1.508992 104
1.510206 89
1.509354 62
1.509305 104
1.509895 68
1.509592 61
1.510624 104
1.512056 85
1.507075 107
1.509962 67
1.509471 118
1.510328 66
1.509084 121
1.509605 97
1.509868 83
1.509205 66
1.510834 131
1.518573 129
1.509588 83
1.509269 148
1.509584 146
1.510553 187
1.509113 122
1.511520 134
1.509677 81
1.509016 149
1.509688 77
1.509370 63
1.508716 110
1.509364 114
1.509241 109
1.509249 41
1.509250 116
1.509639 127
1.509956 81
1.509527 153
1.508997 78
1.510497 133
1.510272 185
1.509320 94
1.508831 54
1.508817 191
1.510128 124
1.510073 109
1.509459 61
1.509598 104
1.509589 110
1.509631 77
1.509448 55
1.509681 74
1.510132 54
1.509137 74
1.509546 104
1.509046 68
1.509183 61
1.509260 44
1.507888 107
1.510216 78
1.509413 111
1.508894 68
1.509406 67
1.510618 120
1.509197 95
1.509388 95
1.508867 76
1.509733 63
1.509134 68
1.509386 104
1.509488 84
1.509204 114
1.510279 92
1.509671 109
1.510020 67
1.509327 92
1.509259 110
1.509178 41
1.509676 130
1.510449 116
1.509290 108
1.509811 109
1.509085 68
1.510027 169
1.509143 178
1.509441 41
1.509757 61
1.508821 66
1.509575 63
1.510059 125
1.510318 183
1.509594 66
1.510438 83
1.509271 152
1.509194 99
1.509774 118
1.509480 94
1.507783 107
1.508692 83
1.509292 157
1.509911 187
1.509567 137
1.509530 150
1.509175 101
1.508787 63
1.509804 111
1.509897 93
1.509618 66
1.509141 91
1.509627 107
1.513521 69
1.509671 101
1.509661 75
1.509122 87
1.511765 202
1.509367 152
1.510541 83
1.508987 74
1.510351 124
1.510403 144
1.509446 103
1.510277 87
1.509730 133
1.509625 135
1.510265 132
1.509314 92
1.510555 104
1.508927 121
1.509746 83
1.510063 67
1.509362 119
1.511671 124
1.509430 102
1.508938 94
1.509227 41
1.508984 119
1.512614 56
1.506948 83
1.508525 167
1.508537 136
1.510488 117
1.507252 91
1.510551 95
1.507826 120
1.509485 109
1.508776 76
1.510163 109
1.508653 95
1.508851 150
1.509477 94
1.509118 68
1.510158 117
1.509085 149
1.509334 127
1.509521 104
1.510463 126
1.509709 84
1.509645 78
1.508743 158
1.509925 122
1.509797 147
1.509992 85
1.510115 81
1.509095 116
1.508825 78
1.509403 70
1.509531 98
1.510265 91
1.509499 83
1.508885 84
1.509557 63
1.509498 125
1.508904 75
1.509799 150
1.509877 151
1.510887 126
1.509330 86
1.509182 74
1.509167 124
1.509765 104
1.509464 159
1.509973 114
1.510036 164
1.509987 76
1.510760 108
1.509943 77
1.509250 104
1.509803 123
1.509327 103
1.510956 55
1.508805 82
1.509554 75
1.509405 109
1.509262 95
1.509577 152
1.509603 103
1.509537 122
1.509243 76
1.509259 103
1.509457 144
1.509384 97
1.509788 108
1.509960 107
1.509727 116
1.509569 63
1.509360 83
1.509284 66
1.511155 144
1.509380 135
1.509817 84
1.509400 117
1.508818 158
1.510088 101
1.508854 61
1.508419 104
1.510581 61
1.509601 113
1.510679 152
1.510310 121
1.511195 138
1.508928 55
1.509835 90
1.510076 156
1.509835 90
1.509503 66
1.508792 78
1.508791 108
1.510031 75
1.509457 63
1.509548 118
1.509969 107
1.510312 98
1.508599 107
1.509421 76
1.508839 104
1.509055 125
1.509125 78
1.509564 150
1.510543 112
1.509489 121
1.510093 118
1.509526 164
1.508055 147
1.509062 74
1.509177 104
1.509536 68
1.509390 61
1.510103 144
1.509573 82
1.510559 92
1.508807 111
1.509229 62
1.507812 147
1.509123 85
1.509433 114
1.509255 112
1.509569 63
1.509439 124
1.509617 61
1.510263 110
1.509101 149
1.508880 93
1.510080 105
1.509349 116
1.509659 80
1.509167 83
1.510108 117
1.508439 122
1.509253 83
1.509147 105
1.509196 83
1.510358 54
1.509087 122
1.508785 117
1.509819 121
1.510126 105
1.509214 136
1.509515 130
1.510092 93
1.509501 149
1.509513 90
1.509047 155
1.510324 95
1.510298 125
1.510239 82
1.509300 82
1.511028 126
1.509664 71
1.509311 64
1.508704 109
1.509306 41
1.509425 78
1.510353 159
1.509175 82
1.509187 126
1.509815 66
1.507812 104
1.509571 109
1.509268 76
1.509151 66
1.509758 104
1.509686 172
1.509684 187
1.509293 169
1.509251 66
1.509154 83
1.509588 41
1.508698 123
1.508998 104
1.509164 114
1.510195 62
1.509902 104
1.510391 83
1.509998 125
1.509585 81
1.509081 80
1.508826 54
1.508959 81
1.510028 119
1.509877 112
1.510875 94
1.510121 126
1.508149 126
1.509461 123
1.510079 54
1.508772 124
1.509275 134
1.509453 76
1.508298 135
1.509184 80
1.509181 68
1.509816 79
1.510271 41
1.509935 114
1.509023 145
1.509196 118
1.509209 109
1.508433 115
1.508982 78
1.510072 188
1.511036 100
1.510322 82
1.507949 89
1.509857 165
1.510103 96
1.508840 136
1.509721 90
1.509362 61
1.509755 124
1.509372 103
1.509904 83
1.509989 63
1.509003 61
1.509625 107
1.510170 95
1.508006 106
1.509484 209
1.509659 168
1.510294 152
1.511120 139
1.509827 76
1.509524 114
1.509545 126
1.508891 118
1.509887 66
1.508241 61
1.509684 81
1.509598 99
1.510186 94
1.508993 107
1.510314 61
1.509415 66
1.513004 61
1.509417 102
1.509347 94
1.509151 92
1.509619 221
1.509311 136
1.509548 110
1.509957 131
1.509372 89
1.509123 185
1.509057 120
1.509688 76
1.508631 107
1.510383 41
1.509585 69
1.509298 66
1.509462 77
1.508373 201
1.509029 71
1.509569 81
1.509412 61
1.508886 102
1.510492 67
1.508597 179
1.511310 135
1.506645 144
1.508709 137
1.509194 107
1.508408 107
1.508534 60
1.508262 108
1.508391 134
1.510420 103
1.508714 66
1.509560 76
1.509869 66
1.508802 103
1.508811 121
1.508974 103
1.509958 83
1.509699 104
1.508909 89
1.509786 97
1.507827 118
1.510076 204
1.512491 89
1.508677 126
1.510534 105
1.510729 116
1.508826 141
1.509395 156
1.509198 76
1.508911 215
1.509180 128
1.509459 80
1.509034 41
1.509569 99
1.508780 153
1.509549 64
1.509903 96
1.510910 112
1.508223 85
1.509160 154
1.509736 61
1.509147 122
1.513272 157
1.505294 164
1.508488 102
1.508807 118
1.509273 104
1.509600 67
1.508664 139
1.509534 75
1.509831 89
1.509713 168
1.509388 94
1.509199 149
1.510152 121
1.509244 91
1.509501 62
1.508882 103
1.509196 41
1.509179 79
1.508948 68
1.508904 86
1.508682 117
1.507892 120
1.508770 98
1.509353 103
1.509088 165
1.507756 62
1.508785 74
1.509412 67
1.509383 116
1.508251 121
1.509190 110
1.508607 76
1.509422 104
1.511837 82
1.510827 146
1.510311 85
1.512089 54
1.508622 201
1.508431 122
1.509019 124
1.510881 157
1.510162 176
1.509509 160
1.509621 75
1.508116 122
1.508587 130
1.508717 103
1.506933 74
1.512797 63
1.506446 149
1.509516 93
1.508857 109
1.508861 132
1.509320 122
1.508837 116
1.508393 204
1.512281 94
1.507518 112
1.510015 41
1.507117 98
1.509841 112
1.508395 168
1.509470 119
1.511780 121
1.507414 159
1.511460 76
1.508076 54
1.509302 114
1.508834 62
1.509742 78
1.509952 67
1.511707 68
1.509453 61
1.508726 54
1.509286 54
1.508456 165
1.509770 121
1.509375 103
1.509339 127
1.508460 167
1.508922 121
1.508618 104
1.508906 153
1.508494 141
1.508353 91
1.508337 107
1.507971 61
1.508102 157
1.508578 85
1.509011 635
1.507819 274
0.000141 43
1.510701 269
1.508444 167
1.509371 125
1.508207 100
1.509177 67
1.507846 103
1.509278 81
1.518682 187
0.000521 79
0.000053 48
1.506877 392
1.508040 440
1.505739 84
1.510350 104
1.507955 127
1.516183 63
1.509974 117
1.510874 81
1.506683 384
1.510374 78
1.508838 125
1.509970 564
1.518294 111
1.509711 91
1.509262 115
1.508820 135
1.511520 166
1.508921 132
1.508740 325
1.508749 178
1.508912 71
1.510403 533
1.508944 232
1.508744 194
1.509240 116
1.508621 87
1.509267 66
1.511312 41
1.509407 163
1.510548 221
1.509487 94
1.508406 152
1.508449 77
1.509047 63
1.508077 287
1.509991 179
1.514534 129
1.507802 209
1.508532 196
1.508626 162
1.508442 133
1.509180 189
1.509779 80
1.511060 168
1.509366 118
1.508364 98
1.508466 137
1.508758 153
1.509887 116
1.506621 270
1.509871 140
1.508371 119
1.511144 78
1.509446 76
1.510051 162
1.509024 83
1.509456 117
1.508324 67
1.509063 78
1.509793 198
1.511751 115
1.509307 179
1.509580 178
1.507126 186
1.510200 105
1.510662 136
1.509661 157
1.508794 146
1.510298 91
1.508262 269
1.509575 351
1.509351 500
1.509964 91
1.513754 157
1.508903 99
1.509689 66
1.508639 102
1.512606 357
1.509869 146
1.507815 210
1.510250 109
1.509193 164
1.509969 101
1.508659 118
1.508937 118
1.510380 93
1.508972 61
1.510049 151
1.509921 94
1.509398 109
1.511511 83
1.511641 161
1.509715 100
1.507059 123
1.510880 360
1.510267 192
1.509203 80
1.509057 160
1.508693 61
1.509761 205
1.508778 105
1.510216 141
1.508416 106
1.510606 68
1.508018 129
1.509730 129
1.510928 97
1.508047 226
1.509380 136
1.508867 118
1.509668 126
1.509538 96
1.510515 68
1.509621 109
1.511095 80
1.508198 68
1.509699 131
1.510081 96
1.508293 523
1.510695 211
1.510119 143
1.508745 163
1.510523 127
1.510502 71
1.510384 160
0.000572 25
1.510434 166
1.508078 83
1.513046 83
1.509828 66
1.510135 91
1.511505 128
1.509349 121
1.509927 201
1.511232 109
1.508908 96
1.509147 117
1.510088 71
1.510260 138
1.509366 158
1.509344 112
1.510518 182
1.509301 136
1.512531 66
1.508983 198
1.509593 140
1.510848 61
1.509261 145
1.509899 96
1.508204 54
1.510916 132
1.509228 185
1.510954 153
1.509965 61
1.509864 117
1.509294 66
1.508607 123
1.510013 155
1.510154 139
1.509495 150
1.508670 93
1.509048 118
1.510242 92
1.508953 158
1.508531 163
1.507818 118
1.510388 83
1.510764 107
1.510136 85
1.509476 66
1.509594 41
1.509625 79
1.509265 150
1.509300 93
1.509038 195
1.509040 121
1.510679 83
1.511459 55
1.510993 117
1.508592 131
1.511146 94
1.509567 117
1.509041 77
1.509950 74
1.509871 167
1.509575 158
1.508104 66
1.509542 66
1.508793 109
1.508831 119
1.510302 83
1.509196 55
1.509845 74
1.508524 41
1.508189 76
1.509984 109
1.524492 138
1.494270 180
1.509053 142
1.508435 111
1.505934 82
1.510722 103
1.509666 148
1.509776 132
1.508875 85
1.512195 63
1.508308 165
1.510224 161
1.511038 121
1.509457 66
1.510868 74
1.510920 116
1.509643 61
1.510193 172
1.508467 114
1.509762 103
1.510226 66
1.509596 64
1.509501 83
1.510259 200
1.509722 178
1.509387 130
1.510226 121
1.509807 149
1.508664 94
1.510886 144
1.510077 61
1.508465 94
1.509499 76
1.509752 107
1.506769 103
1.513732 61
1.509681 102
1.509850 66
1.510160 91
1.510281 103
1.509172 154
1.512183 254
1.512143 167
1.505905 144
1.510564 81
1.512783 116
1.508632 123
1.510690 118
1.508599 109
1.510098 116
1.512944 98
1.511532 167
1.509139 129
1.509560 68
1.514368 7
0.000329 62
0.001605 19
0.001254 48
1.509441 296
1.512632 232
1.510093 108
1.510259 53
1.510754 115
1.511041 141
1.508273 200
1.510668 62
1.512295 127
1.508495 166
1.510807 98
1.510026 131
1.509354 212
1.511017 76
1.509749 91
1.509952 125
1.509579 93
1.511080 115
1.509597 105
1.507934 125
1.507223 229
1.510120 211
1.510411 156
1.509421 113
1.512878 77
1.510320 109
1.509133 44
1.511725 74
1.509470 79
1.509859 135
1.509499 98
1.508497 329
1.512699 200
1.508774 372
1.508008 278
1.507043 342
1.507404 354
1.509577 295
1.510302 182
1.506309 119
1.507957 95
1.511612 103
1.513480 78
1.510011 166
1.515688 211
1.519222 142
1.514893 169
1.511988 82
1.512590 138
1.515401 173
0.000647 38
1.513663 170
1.513039 71
1.510602 148
1.511692 161
1.513722 82
1.513947 108
1.512980 116
1.511718 54
1.514058 89
1.512169 103
1.511925 80
1.507950 71
0.000017 47
1.514003 131
1.511624 122
1.514308 165
1.509345 122
1.507416 117
1.512465 181
1.511741 203
1.513998 311
1.511027 326
1.514306 326
0.000020 25
1.515335 156
1.512898 111
1.511058 41
1.512549 91
1.512359 167
1.511818 277
1.512208 123
1.513729 123
1.510503 133
1.507825 120
1.513768 74
1.519932 104
1.517764 118
1.510085 117
1.512877 92
1.509262 80
1.511548 95
1.513587 288
1.510998 159
1.512928 63
1.511588 75
1.509296 148
1.511627 101
1.510327 41
1.507050 107
1.510261 61
1.508907 139
1.512004 172
1.509746 68
1.509885 61
1.515440 127
1.511123 134
1.509024 125
1.509834 44
1.510888 79
1.510193 122
1.514406 128
1.510031 116
1.508659 54
1.509856 91
1.509255 151
1.510933 124
1.509959 173
1.509590 96
1.510246 196
1.509235 161
1.509975 84
1.509432 74
1.510051 103
1.509875 103
1.509885 132
1.511449 75
1.515072 61
1.503686 130
1.509869 75
1.509502 71
1.510146 109
1.509622 262
1.509972 158
1.508695 207
1.510189 146
1.509376 124
1.512586 102
1.510591 80
1.510713 82
1.509759 74
1.510209 154
1.509165 104
1.510053 146
1.508518 84
1.509899 75
1.509458 104
1.509155 82
1.509426 140
1.511312 103
1.517415 64
1.506752 77
1.508483 77
1.509436 79
1.509989 95
1.510300 121
1.509806 109
1.509084 54
1.510279 87
1.508816 74
1.510026 78
1.509065 110
1.509369 115
1.509777 165
1.508641 108
1.510261 124
1.509232 80
1.510472 109
1.508410 62
1.510817 98
1.510064 65
1.510020 151
1.508264 136
1.509367 96
1.508898 197
1.510644 81
1.508992 61
0.998584 61
0.007244 110
11.490315 1
0.124449 1
0.069266 1
0.101663 1
0.081279 1
0.107082 1
0.120809 1
1.512254 1
0.060023 1
0.099665 1
0.150579 1
1.329867 1
0.163010 1
1.240015 1
0.098867 1
0.198022 1
0.129337 1
0.331645 1
0.312055 1
0.201000 1
0.059979 1
0.215922 1
0.498862 4
0.202385 1
0.101454 1
0.610647 1
0.605164 1
0.327684 1
0.161152 1
0.379203 1
0.102987 1
0.116303 1
0.117285 1
0.157898 1
0.673589 4
0.375744 1
0.126917 1
0.162476 1
0.124407 1
0.297513 1
0.333211 1
0.372832 1
0.139403 1
0.103631 1
0.322240 1
0.317103 1
0.064993 1
0.176432 1
0.108159 1
0.146636 11
0.283523 1072
0.005050 110
83.397719 1
0.079715 1
1.109593 4
0.106157 4
0.127789 1
0.114593 1
0.684413 1
0.071477 1
0.449573 1
0.149855 1
0.071335 1
0.112175 1
0.356754 1
0.290463 1
0.157640 1
0.198214 1
0.749582 1
2.899040 118
2.787593 1
0.642339 1
0.320807 1
0.105872 1
0.120703 1
0.232111 1
0.184733 1
0.298961 1
0.147320 1
0.147621 1
0.122608 1
0.168706 1
0.259277 1
0.235432 1
0.078319 1
0.308695 1
0.101967 1
0.171856 1
0.177030 1
0.091820 1
0.083892 1
0.275893 1
0.290461 1
0.162539 1
0.524693 1
0.130826 1
0.117757 1
0.120471 1
0.319374 3
0.401902 1
0.161520 1
0.117457 1
0.155695 1
0.539438 1
0.350912 1
0.226107 1
0.166622 1
0.408048 1
0.572593 1
0.104396 1
0.214870 1
0.094765 1
0.195552 11
0.293329 430
0.010711 110
523.578566 1
0.188072 1
0.317305 1
0.105976 1
0.233101 17
