0.039463 108
2.784605 1
0.605244 1
0.262989 11
0.003306 37
0.000570 108
17.798397 1
0.249216 1
0.097721 1
0.147361 1
0.249627 4
0.107620 4
0.105990 4
0.117675 4
0.097121 1
6.742560 1
0.512191 1
0.177185 1
0.089468 1
0.791855 4
0.331707 4
0.214660 4
0.120615 4
0.494314 1
0.168118 1
0.401626 1
0.097878 1
0.553985 4
0.208153 4
0.200092 1
0.100261 1
0.699712 4
0.148130 4
0.404149 1
0.116927 1
2.086636 4
0.510929 4
0.031155 4
0.030520 4
0.027392 1
0.031623 1
0.029513 1
0.030395 1
0.029617 1
0.030250 1
0.036127 1
6.425782 1
0.362759 1
0.107236 1
0.065740 1
0.302010 1
0.147453 1
0.257663 1
0.100884 1
0.112682 1
0.569812 4
0.512248 4
0.030108 4
0.029007 4
0.036459 4
0.024997 4
0.029246 4
0.034496 4
0.031189 4
0.026373 1
0.031221 1
0.032159 1
0.031687 1
0.028443 1
0.027724 1
0.030558 1
0.028497 1
0.031135 1
0.033016 1
1.134342 1
0.316244 1
0.127047 1
0.541858 1
0.325563 1
0.913880 4
0.511050 4
0.028537 4
0.032370 4
0.031054 4
0.028133 1
0.030536 1
0.030756 1
0.029935 1
0.031961 1
0.027180 1
0.029584 1
3.589533 1
0.250020 1
0.112745 1
0.126878 1
1.305786 4
0.508564 4
0.027322 4
0.031586 4
0.030587 1
0.031338 1
0.036855 1
0.026811 1
9.513457 1
0.089336 1
0.104075 1
0.111163 1
0.097390 1
0.085056 1
0.190295 1
0.399326 1
0.103506 1
0.213474 11
0.421206 287
0.002181 108
96.108360 1
0.054616 1
0.110791 1
0.079908 1
0.089378 1
0.099786 1
0.124994 1
0.303753 1
0.176701 1
0.076838 1
0.195524 1
0.127619 1
0.146875 1
0.140104 11
0.601124 420
0.000031 378
0.000011 55
0.000029 2
0.002944 108
17.919771 1
0.277947 4
0.627639 1
0.216307 1
0.316927 1
0.076509 1
0.092372 1
0.054136 1
0.135999 1
0.518753 4
0.508201 4
0.030297 4
0.031698 4
0.029022 4
0.030979 4
0.032654 4
0.031793 1
0.629593 1
0.146598 1
0.145664 1
0.073094 1
0.115525 1
0.506564 4
0.509493 4
0.028923 4
0.028906 4
0.030464 4
0.031001 1
0.035093 1
0.027927 1
0.034838 1
0.026606 1
0.033040 1
0.029971 1
0.028833 1
0.027462 1
0.029217 1
0.031185 1
0.034756 1
0.029978 1
0.033191 1
0.031934 1
0.029064 1
0.027326 1
0.030118 1
0.031549 1
0.028800 1
0.029666 1
0.031841 1
0.029909 1
0.030942 1
0.032789 1
0.030433 1
0.029496 1
0.030164 1
0.029777 1
0.030250 1
0.029696 1
0.031349 1
0.028816 1
0.031237 1
0.029863 1
0.035677 1
0.028813 1
0.029006 1
0.030385 1
0.029200 1
0.033587 1
0.028832 1
0.030336 1
0.031882 1
0.028775 1
0.032373 1
0.034554 1
0.028691 1
0.028452 1
0.027420 1
0.030811 1
0.029852 1
0.029479 1
0.029847 1
0.030205 1
0.031946 1
0.030252 1
0.031294 1
0.030867 1
0.029917 1
0.029801 1
0.030316 1
0.029131 1
0.032054 1
0.030727 1
0.029310 1
0.030618 1
0.032950 1
0.028565 1
0.031564 1
0.029688 1
0.032131 1
0.030774 1
0.030226 1
0.028709 1
0.030008 1
0.029196 1
0.029375 1
0.033973 1
0.028521 1
0.036194 1
0.033694 1
0.023468 1
0.028842 1
0.031303 1
0.029721 1
0.029323 1
0.030214 1
0.031385 1
0.032613 1
0.032451 1
0.031801 1
0.025717 1
0.030624 1
0.033933 1
0.029957 1
0.029681 1
0.028508 1
0.029560 1
0.029749 1
0.029840 1
0.030952 1
0.032453 1
0.032139 1
0.029154 1
0.032376 1
0.030258 1
0.031804 1
0.025969 1
0.028446 1
0.031122 1
0.032492 1
0.032259 1
0.032000 1
0.030679 1
0.030443 1
0.027250 1
0.030486 1
0.030492 1
0.026359 1
0.030610 1
0.033085 1
0.030397 1
0.031555 1
0.032999 1
0.029176 1
0.030445 1
0.031006 1
0.029087 1
0.030113 1
0.031250 1
0.030998 1
0.029309 1
0.031247 1
0.029615 1
0.032266 1
0.031019 1
0.031588 1
0.030188 1
0.027317 1
0.032086 1
0.031769 1
0.026545 1
0.031883 1
0.031105 1
0.038336 1
0.025584 1
0.033633 1
0.027940 1
0.028944 1
0.026867 1
0.029663 1
0.030229 1
0.031365 1
0.030583 1
0.031819 1
29.059496 1
0.096235 1
0.115664 1
0.093875 1
0.080048 1
0.108626 1
0.125574 1
0.242598 1
0.149325 1
0.116488 1
0.107641 1
0.131944 1
0.424706 1
0.492732 1
0.319698 1
0.365415 1
0.074935 1
0.177554 1
0.146028 1
1.037881 1
0.362499 1
0.235286 1
1.564152 1
0.130243 1
0.095878 1
2.183653 11
0.302892 61
0.000474 42
0.001942 108
1.233854 25
0.630188 1
0.174976 1
0.157141 1
3.034487 1
0.258978 1
4.583512 3
0.288982 3
1.227425 3
0.468271 9
0.326383 9
0.195747 5
0.075164 5
1.525142 6
0.127944 3
0.304351 1
0.176716 1
0.427573 4
0.345219 4
1.268082 1
0.124882 1
0.212848 11
0.851754 14
0.003467 108
5.748903 1
0.101616 1
0.081530 1
0.036850 1
0.128542 1
0.066940 1
0.115314 1
0.123406 1
0.075524 1
0.120127 11
0.508120 435
0.001903 108
101.205199 1
0.191235 1
0.184471 1
0.184424 1
0.745467 1
0.194491 1
0.090332 1
0.075770 1
0.904097 1
0.152461 1
0.123053 1
0.209407 1
0.272742 1
0.643389 1
0.111555 1
0.077548 1
1.053688 1
0.227625 1
0.152788 1
0.130908 1
0.425098 1
0.523652 1
1.081546 1
0.156734 1
0.392940 4
0.509758 4
0.028174 4
0.029605 4
0.029263 4
0.030221 4
0.030833 4
0.032580 4
0.029771 4
0.031626 4
0.030280 4
0.029802 4
0.029779 4
0.030596 4
0.030048 4
0.029167 4
0.032041 4
0.031251 4
0.029650 4
0.031972 4
0.028346 4
0.030417 4
0.029682 4
0.030479 4
0.033607 1
0.030700 1
0.033697 1
0.027881 1
0.032950 1
0.028428 1
0.029748 1
3.306586 1
0.074159 1
0.148377 1
0.309745 4
0.126333 1
0.096522 1
0.267445 1
0.060512 1
1.167509 4
0.120863 4
0.087640 4
0.129717 4
0.121546 4
0.116419 4
0.119167 1
0.114715 1
0.114466 1
0.079521 1
0.244045 1
0.670027 1
0.066066 1
0.098714 1
0.153040 1
0.203919 1
0.052458 1
0.160019 11
0.003609 238
0.000294 108
4.229994 1
0.107173 1
0.224435 4
0.119858 4
0.122006 1
0.156453 1
0.065090 1
0.102061 1
0.063454 1
0.091086 1
0.106674 1
0.124216 1
0.161476 1
0.091393 1
0.142976 11
0.483959 435
0.002649 108
7.497307 1
0.154626 1
0.328184 1
0.144745 1
0.122652 1
0.738322 4
0.122708 4
0.089017 4
0.119779 4
0.084766 4
0.557232 1
0.377778 1
0.243340 1
0.268231 1
0.993292 1
0.146021 1
0.052929 1
0.104270 1
2.547098 4
0.504234 4
0.028626 4
0.032701 4
0.028693 4
0.032348 4
0.033154 4
0.028936 4
0.032366 1
0.031872 1
0.029226 1
0.029047 1
0.648175 1
0.146704 1
0.174153 1
0.544241 4
0.209906 4
0.119125 4
0.350019 1
0.266211 1
0.191224 1
0.050459 1
0.081079 1
0.529842 4
0.160330 4
0.188657 4
0.101171 4
0.212207 4
0.666836 1
0.139270 1
0.160457 1
0.301310 1
0.119356 1
0.050894 1
0.086954 1
0.550761 4
0.267239 4
0.127225 4
0.112952 4
0.058239 4
0.149809 4
0.108061 4
0.254095 1
0.203702 1
0.184555 1
0.213916 1
0.130962 1
0.215433 1
0.123213 1
0.074415 1
0.394229 4
0.160992 4
0.425248 1
0.966707 4
0.509826 4
0.027083 4
0.031269 4
0.029700 4
0.030370 4
0.034202 4
0.029284 1
0.032643 1
0.032375 1
0.842418 1
0.198300 1
0.187358 1
0.119956 1
0.113861 1
0.137622 1
0.516502 4
0.516112 4
0.028332 4
0.031119 4
0.031752 4
0.154317 4
0.206398 1
4.694922 1
0.239967 1
0.060196 1
1.167384 4
0.249507 4
0.188990 4
7.251963 1
0.214592 1
0.105707 1
0.307843 1
0.160448 1
0.184547 1
0.319914 1
0.128020 1
0.074663 1
1.479113 4
0.510016 4
0.030587 4
0.031714 4
0.031282 4
0.030527 4
0.026903 4
0.030859 4
0.031854 4
0.030374 1
0.029070 1
0.037622 1
0.300815 1
0.233278 1
0.189617 1
0.583799 1
0.198845 1
0.198373 1
0.123069 1
1.361462 4
0.510098 4
0.031837 4
0.029363 4
0.030596 4
0.032525 4
0.025901 4
0.032364 1
0.027958 1
0.030094 1
0.032072 1
0.034912 1
0.025094 1
0.029294 1
0.030779 1
0.030118 1
0.032590 1
0.029712 1
5.676562 1
0.474065 1
0.318692 1
0.286635 1
0.434721 1
1.048276 1
0.300718 11
0.033527 1022
0.000648 108
40.926771 1
0.196913 1
0.079046 1
0.094335 1
0.074495 1
0.100279 1
0.740307 4
0.512169 4
0.032994 4
0.029238 4
0.030027 4
0.029413 4
0.032402 1
0.030873 1
0.031286 1
0.029974 1
0.031593 1
0.027725 1
0.031015 1
0.031049 1
0.029640 1
5.242482 1
0.255333 1
0.585575 1
0.172089 1
0.509307 1
0.321752 4
0.109782 4
0.070088 4
0.121647 4
0.091931 4
0.926492 1
0.154321 1
0.126372 1
1.127473 4
0.163211 4
0.111712 4
0.112662 1
0.665192 1
0.242711 1
0.208292 1
0.112340 1
0.145333 1
0.489550 1
0.226892 1
0.150068 1
0.084445 1
0.281435 4
0.510954 4
0.028473 4
0.033165 4
0.031384 4
0.030207 4
0.031454 4
0.031319 4
0.027562 4
0.031747 1
21.273272 1
0.071591 1
0.136870 1
0.109151 1
0.574765 1
0.158127 1
0.131015 1
0.099095 1
0.672309 4
0.510116 4
0.029411 4
0.031350 4
0.029531 4
0.031478 4
0.029809 4
0.031579 4
0.031655 1
0.031572 1
0.031535 1
0.033224 1
0.023715 1
0.033110 1
0.051425 1
0.014080 1
0.026062 1
0.030223 1
0.033641 1
0.027502 1
0.033442 1
0.028910 1
0.028094 1
0.030815 1
12.533448 1
0.234640 1
0.092167 1
1.643765 4
0.228888 4
0.136905 4
5.553674 1
0.295756 1
0.704189 1
0.181920 1
0.934215 1
0.736648 4
0.512110 4
0.027853 4
0.029888 4
0.030613 4
0.031284 1
0.031559 1
0.034797 1
0.029999 1
252.976454 1
1.074331 4
0.517337 1
0.173031 1
0.234729 1
0.357367 1
0.453970 1
0.131888 1
0.161793 1
0.063614 1
0.588847 4
0.147940 4
0.149096 4
0.209382 4
0.134403 4
0.064239 4
0.145813 4
0.073734 4
0.135143 1
3.381823 1
0.377338 1
0.392024 1
0.315606 1
0.421816 4
0.132644 1
0.127130 1
0.398830 1
0.146541 1
0.087911 1
0.831436 4
0.509248 4
0.031060 4
0.029889 4
0.030812 4
0.030382 4
0.030513 4
0.029820 4
0.029583 1
0.032371 1
0.033112 1
0.029160 1
0.031907 1
0.027256 1
0.028924 1
0.030082 1
0.033209 1
0.030529 1
0.034280 1
0.031731 1
0.028547 1
0.027530 1
0.034479 1
0.029906 1
3.696355 1
1.027260 1
0.160595 1
0.067744 1
0.572883 1
0.218377 1
0.732143 1
0.278931 1
0.120456 1
0.383423 1
1.911085 4
0.509780 4
0.029528 4
0.031990 4
0.031655 4
0.030203 4
0.030860 4
0.028791 4
0.030223 4
0.029903 4
0.030198 1
0.032294 1
0.029441 1
0.031747 1
0.030049 1
0.031576 1
0.030384 1
0.031427 1
0.028662 1
0.033432 1
0.028252 1
0.028001 1
0.030557 1
0.028701 1
0.031669 1
0.029669 1
0.030436 1
0.034513 1
0.030975 1
0.031654 1
0.027326 1
0.031663 1
0.029651 1
0.030407 1
0.031431 1
0.030497 1
0.029432 1
0.032088 1
0.032286 1
0.026988 1
0.030034 1
0.030492 1
0.026756 1
0.031488 1
0.034479 1
0.032094 1
10.286140 1
0.378765 1
0.126225 1
0.208688 1
0.385963 4
0.225542 1
0.117404 1
0.087541 1
0.564471 1
0.155505 1
0.100534 1
1.332575 1
1.026785 4
0.158950 1
0.708362 4
0.609141 4
0.140777 4
0.097246 4
0.086631 4
0.132123 4
0.113789 4
0.116367 4
0.123781 4
0.110680 4
21.954132 1
0.229564 1
0.592608 1
0.140028 1
1.169228 1
0.244980 1
0.141655 1
0.092215 1
0.697452 4
0.509408 4
0.030560 4
0.030825 4
0.033510 4
0.032588 4
0.027417 4
0.133536 4
0.146651 1
7.350318 1
0.131739 1
0.033720 1
0.145906 1
0.554930 1
0.849448 1
0.075107 1
0.118938 1
0.242011 1
0.119251 1
0.087203 1
0.097657 1
0.206268 1
0.117390 1
0.094122 1
0.101066 1
0.519991 1
0.209485 1
0.109205 1
0.107686 1
0.126649 1
0.331335 4
0.505714 4
0.030157 4
0.029724 4
0.035284 4
0.033469 4
0.045023 4
0.016110 4
0.029753 4
0.033029 4
0.026926 4
0.030773 4
0.029741 4
0.029414 4
0.032342 4
0.033321 4
0.037801 4
0.017621 4
0.028996 4
0.034566 4
0.026728 4
0.032478 1
0.033117 1
0.027191 1
0.029332 1
0.030321 1
0.030130 1
0.030962 1
0.032131 1
0.031750 1
0.027644 1
0.034392 1
0.026060 1
0.031050 1
0.031807 1
0.025730 1
0.030526 1
0.029744 1
0.031567 1
0.030650 1
0.033043 1
0.032864 1
0.029784 1
0.029757 1
0.029939 1
0.032955 1
0.030473 1
0.026092 1
0.031578 1
0.029946 1
0.030089 1
0.031507 1
0.032415 1
0.029429 1
0.028524 1
0.032081 1
0.034149 1
1.687818 1
0.090568 1
0.447896 1
0.097326 1
0.106925 1
0.589400 1
0.183576 1
0.085019 1
0.480176 1
12.537566 11
0.030790 594
0.000740 108
75.907136 1
0.208524 1
0.067815 1
0.445370 4
0.132694 4
0.073856 4
0.106215 1
0.114968 1
1.040566 1
1.096719 1
0.239486 1
0.109929 1
1.789603 1
0.236309 1
0.130689 1
0.185262 1
0.120950 1
0.818241 4
0.510192 4
0.024649 4
0.032173 4
0.030071 4
0.033845 4
0.033398 4
0.030630 4
0.029417 4
0.029849 1
0.026473 1
0.031250 1
0.033657 1
24.749702 1
0.143365 1
0.195141 1
0.139893 1
0.131481 1
0.641911 4
0.511883 4
0.027074 4
0.031049 4
0.034885 4
0.030177 1
0.024918 1
0.035760 1
8.408326 3
0.364699 3
0.199588 3
0.889251 5
0.030993 5
0.029374 5
0.029945 1
0.032572 1
0.029823 1
0.030752 1
0.030277 1
0.035647 1
0.026399 1
0.032317 1
0.550093 1
0.193210 4
57.876718 1
0.076635 1
0.133389 1
0.146233 1
0.424296 1
0.311909 1
0.627077 1
0.963580 1
0.920483 1
0.163024 1
1.379820 1
0.235379 1
0.467363 1
0.214164 1
0.143052 1
1.465051 11
0.003805 70
0.000384 108
20.831869 1
0.094214 1
0.385776 1
0.144809 1
0.185484 1
0.093118 1
0.438453 4
0.508286 4
0.030422 4
0.029814 4
0.031150 4
0.029327 4
0.030798 1
0.029212 1
0.033952 1
0.030443 1
0.030525 1
0.028580 1
0.031436 1
0.034027 1
0.030477 1
0.026019 1
0.030948 1
0.032054 1
0.030724 1
0.029880 1
0.030480 1
0.031200 1
0.030500 1
0.028723 1
0.031492 1
0.030881 1
0.031222 1
0.033175 1
0.035954 1
0.025125 1
0.205151 1
0.123499 1
0.164240 1
0.161004 1
0.333451 1
0.059144 1
0.133365 1
0.822059 1
1.126600 1
0.719602 4
0.162523 1
0.164879 1
0.176506 1
0.859552 11
0.004622 9
0.000473 6843
0.000112 3049
0.000047 142
0.000164 919
0.000044 497
0.000056 72
0.000089 499
0.000030 70
0.000032 70
0.000070 70
0.000445 1656
0.000699 108
92.451766 1
0.091903 1
0.084931 1
0.070848 1
0.076181 1
0.523761 1
0.331321 1
0.585689 1
0.237194 1
0.118086 1
0.628338 4
0.178097 1
0.875131 1
0.334232 1
0.422479 1
0.661924 11
0.031866 25
1.732002 2
0.085812 56
0.000466 152
0.000520 212
0.000444 212
0.000563 212
0.000313 212
0.000649 212
0.000624 212
0.000218 212
0.000354 212
0.000597 212
0.000350 213
0.000261 213
0.000265 213
0.000679 213
0.000253 213
0.000258 213
0.000635 247
0.000680 247
0.001310 247
0.000501 253
0.002922 108
1400.056346 1
0.531165 1
0.046042 1
0.584949 1
0.111503 1
0.758415 1
0.350646 1
0.131751 1
0.328702 1
0.146923 1
0.149714 1
0.168065 1
0.104643 1
0.083333 1
0.162550 1
1.577097 11
0.003809 30
0.000528 108
74.332488 1
0.066773 1
0.080192 1
0.148873 1
0.081955 1
0.168859 1
0.423578 1
0.117733 1
0.087888 1
0.118784 1
0.207337 11
0.019894 108
0.283936 1
0.160962 1
0.099388 1
0.312964 4
0.163627 4
0.124451 4
0.116439 1
0.262517 1
0.117274 1
0.168237 11
0.003280 290
0.000501 108
5.239692 1
0.204355 1
0.116796 1
0.114375 1
0.148997 1
0.319834 1
0.123147 1
0.055610 1
0.120339 1
0.186203 11
0.018306 385
0.000731 108
145.155920 1
0.101336 1
0.385867 1
1.091435 1
0.266788 1
0.463680 11
0.012369 1039
0.000248 108
108.923706 1
0.091304 1
0.623101 1
0.086535 1
0.071979 1
1.047595 4
0.081690 4
0.111750 4
0.119646 4
0.102488 4
0.192940 1
0.225985 1
0.098166 1
0.109639 11
0.003702 43
0.000375 108
0.885959 1
0.006160 1
0.186600 1
0.010034 1
0.581718 1
0.330707 1
0.093301 1
0.077370 1
0.079076 1
0.444976 1
0.171012 1
0.081774 1
0.124466 1
0.120977 1
0.773158 11
0.009836 25
0.912779 2
0.116241 75
0.000327 97
0.000438 271
0.000118 369
0.753912 53
0.075676 19
0.050523 19
0.057413 19
0.284661 23
0.671634 25
2.073023 101
1.467859 32
0.362228 32
1.006953 18
0.927788 51
0.019406 86
0.533491 6
0.000585 66
0.003126 108
2.753145 1
0.192098 1
0.121308 1
0.105366 1
0.129191 1
0.223610 1
0.101327 1
0.090225 1
0.095322 1
0.166627 11
0.002304 125
0.000281 254
0.000788 108
85.029997 1
0.118236 1
0.250655 1
0.120186 1
0.182125 1
0.196044 11
0.013124 1039
0.000422 108
30.249077 1
0.317925 1
0.742736 1
0.102662 1
0.353491 4
0.331171 4
0.199236 4
0.100277 4
0.124591 1
20.549751 1
0.416129 1
0.103407 1
0.086085 1
0.133837 1
0.209714 1
0.313151 4
0.061016 1
0.076712 1
0.067013 1
0.066143 1
0.149816 11
0.002759 379
0.000787 108
109.187601 55
1.018184 155
0.402270 4
0.511821 4
0.027589 4
0.031170 4
0.028339 4
0.031874 4
0.029678 4
0.034116 4
0.029356 4
0.033489 4
0.029640 4
0.029267 4
0.030934 4
0.031010 4
0.032419 5
0.028188 5
0.027902 4
0.032210 4
0.030835 4
0.032824 4
0.030801 4
0.030320 4
0.028463 4
0.028828 4
0.029919 4
0.031667 4
0.030389 4
0.030649 4
0.030272 4
0.031922 4
0.029392 4
0.032155 4
0.030310 4
0.029914 4
0.029276 4
0.029228 4
0.031608 4
0.027601 4
0.033234 4
0.031146 4
0.028178 4
0.032008 1
0.030726 1
0.034895 1
0.024932 1
0.030635 1
0.029687 1
0.031673 1
0.031767 1
0.091301 1
0.112306 1
0.084379 1
0.113873 1
2.405483 1
0.296299 1
0.300697 1
0.067061 1
0.085620 1
0.116625 1
0.274947 1
0.091215 1
0.108741 1
0.114717 1
5.834482 11
0.003428 56
0.000301 108
2.264131 1
0.162359 1
0.351268 1
0.056035 1
0.094199 1
0.108453 1
1.935975 1
0.094227 1
0.124457 1
0.091289 1
0.320382 1
0.628671 2
0.000031 9
0.003989 108
7.166792 1
0.079631 1
0.135024 11
0.002909 66
0.000817 108
2.694481 1
0.215446 1
0.170149 1
0.133833 1
0.159599 1
0.732423 4
2.672225 1
1.133651 1
0.087476 1
0.085536 1
0.096615 1
0.148707 1
2.670963 11
0.002952 197
0.000033 180
0.000670 108
103.896288 1
0.141913 1
0.104223 1
0.392594 1
0.099472 1
0.101760 1
0.089564 1
0.171260 1
1.269469 1
0.331884 11
0.000057 120
1.535380 1
0.200009 1
0.263659 1
0.058001 1
0.096153 1
0.374932 1
0.398935 1
0.087636 1
0.109378 1
0.090950 1
0.189031 1
0.187003 11
0.003837 120
0.392795 1
0.363988 1
0.130688 1
0.107441 1
0.713869 1
0.336081 1
0.087885 1
0.102912 1
0.093039 1
0.159848 1
0.240369 11
0.002976 377
0.000649 120
136.042799 1
0.110194 1
0.470102 1
0.549984 1
0.130215 1
0.109931 1
0.106787 1
1.029391 4
0.114970 4
0.096247 4
0.120023 4
0.116130 4
0.115495 4
0.123791 4
0.120510 1
0.229082 1
0.117397 1
0.157751 11
0.002426 23
0.000419 120
0.421288 1
0.151506 1
0.097684 1
0.108071 1
0.128207 1
0.767228 11
0.015632 108
1.132132 1
0.085858 1
0.102431 11
0.002924 66
0.000384 108
5.656755 1
0.734181 1
0.217312 1
0.105797 1
0.837578 4
0.186536 4
1.901411 4
0.263326 1
0.193721 1
0.100069 1
0.673800 4
0.588886 4
0.155540 4
0.140958 4
41.800872 1
0.105084 1
0.115434 1
0.211263 1
0.098965 1
0.069269 1
0.087267 1
0.134720 1
0.472736 1
0.104293 1
0.130573 1
0.454858 1
0.189676 11
0.017992 108
2.204332 1
0.086620 1
0.095060 11
0.003461 72
0.000634 108
9.034095 1
0.192362 1
0.092114 1
0.079975 1
0.092730 1
0.184405 1
0.053976 1
0.088093 1
0.123850 1
0.148702 11
0.002557 199
0.000078 180
0.000943 108
21.048989 1
0.166673 1
0.065402 1
0.103397 1
0.125761 1
0.442821 4
0.114627 1
0.341992 1
0.126289 1
0.087408 1
0.081538 1
0.180502 11
0.003400 199
0.000073 180
0.000823 108
58.409512 1
0.114642 1
0.068454 1
0.126209 1
0.112871 1
0.086915 1
0.121626 1
0.099134 1
0.436036 1
0.065857 1
0.104986 1
0.183626 1
0.226252 1
0.391338 58
0.000361 108
2.134812 1
0.145674 1
0.665883 1
0.922580 1
0.108448 1
0.091351 1
0.078592 1
0.127810 1
0.752949 1
0.094086 1
0.064854 1
0.129657 1
0.184233 1
0.176202 11
0.003260 108
0.900776 1
0.221195 1
0.107554 1
0.095840 1
0.099185 1
0.930947 1
0.098138 1
0.068338 1
0.074324 1
2.251407 11
0.003330 125
0.000306 254
0.000761 108
54.435493 9
0.136264 22
0.921524 4
0.109352 1
0.162882 11
0.003068 108
0.858847 13
0.348389 26
0.801857 11
0.002945 125
0.000076 254
0.000880 108
46.502896 1
0.453897 1
0.149462 1
0.217571 1
0.167481 1
0.113450 1
0.473989 1
0.128912 1
0.067664 1
0.079089 1
0.115937 1
1.377342 1
0.094475 1
0.221201 1
0.364012 1
0.439147 1
0.594174 1
0.233793 1
0.480142 4
0.130323 4
0.100783 4
0.138632 4
0.652957 1
2.009632 11
0.002933 108
3.510986 1
0.172522 1
0.089595 1
0.088577 1
0.113683 1
0.125560 1
0.385816 4
0.141218 4
0.159245 4
0.461797 1
0.242623 1
2.390739 1
0.090600 1
0.113313 1
0.047538 1
0.202790 11
0.002485 379
0.000696 108
41.018973 1
0.508392 1
0.071160 1
0.098633 1
0.091509 1
1.054356 1
0.070912 1
0.254076 4
0.197741 1
0.172070 1
0.121463 1
0.104445 11
0.003481 208
0.000031 180
0.000544 108
343.575941 51
0.849457 159
0.010824 25
0.757123 2
0.107418 184
0.000434 108
72.546920 36
1.026923 65
0.385920 22
0.001665 108
13.731568 1
0.371956 1
1.660383 1
0.368167 1
0.190479 1
0.837148 4
2.786299 1
1.037615 4
0.509308 4
0.027450 4
0.034420 4
0.034736 4
0.024990 1
0.027144 1
0.036145 1
0.025516 1
0.035226 1
0.028497 1
0.027550 1
15.867600 1
0.054017 1
0.039595 1
0.081485 1
0.065196 1
12.188866 35
0.818339 55
0.510663 4
0.031253 4
0.026574 4
0.030528 4
0.031260 4
0.029486 4
0.031135 4
0.033550 4
0.030533 4
0.030702 4
0.031141 4
0.030720 4
0.028838 4
0.032771 4
0.029191 4
0.031629 4
0.030061 4
0.033708 4
0.024046 4
0.032247 4
0.031777 4
0.027166 4
0.030715 4
0.030086 4
0.030122 4
0.031916 4
0.029210 4
0.031956 4
0.029879 4
0.029476 4
0.031588 1
0.028720 1
0.033890 1
0.026723 1
0.466314 35
0.564287 63
0.013699 105
0.001994 108
30.569689 1
0.072585 1
0.113377 1
0.055774 1
0.103450 1
0.134818 1
0.097121 1
0.545793 1
0.065901 1
0.303171 1
0.309752 1
0.112599 1
0.075883 1
0.069867 1
0.436055 1
0.083978 1
0.084247 1
0.324459 4
0.141417 4
0.138688 1
0.237693 1
1.185479 1
0.109529 1
0.211182 11
0.733089 23
0.000051 368
0.000062 141
0.000065 29
0.000316 655
0.000022 175
0.000100 62
0.000071 101
0.002265 108
129.054998 1
0.087605 1
0.107298 1
0.092313 1
0.087547 1
0.092125 1
0.153785 1
0.306266 1
0.149805 1
0.056350 1
0.470155 4
0.108418 4
0.401571 1
0.091600 1
0.155280 1
0.129062 1
0.133453 1
0.121929 11
0.585814 855
0.003214 108
160.148882 1
0.101526 1
0.425552 1
0.422264 1
0.108487 1
0.094840 1
0.342933 1
9.234832 4
0.511231 4
0.034374 4
0.030709 4
0.034415 4
0.024921 4
0.031447 4
0.030437 1
0.026965 1
0.032842 1
0.030393 1
0.029235 1
0.932518 47
0.994782 155
0.765759 45
0.003754 108
13.335943 1
0.116078 1
0.117910 1
0.143140 1
0.249912 1
0.357605 1
0.222038 11
0.010853 1022
0.000679 108
24.289412 39
0.429705 71
0.021128 2237
0.000583 108
184.729033 1
0.177023 4
0.137961 1
0.348582 1
0.685404 4
0.108584 1
0.166630 1
0.053493 1
0.113962 1
0.090167 1
0.058553 1
0.100675 1
0.111410 1
0.223173 1
0.161384 1
0.102119 1
0.146578 1
0.172400 1
0.339348 1
0.753762 4
0.066222 1
0.153282 1
0.213828 1
0.265222 4
0.213539 1
0.072031 1
0.188084 1
0.134997 1
0.274995 1
0.532145 1
0.271108 1
0.087211 1
0.213465 1
0.353758 4
0.199592 1
0.066045 1
1.646858 4
0.144302 4
0.602049 1
0.097702 1
0.154505 11
0.328285 2541
0.000159 1889
0.002047 108
590.620769 1
0.180429 1
0.096214 1
0.117188 1
0.414161 11
0.000039 6
